00000000000 00000000000 00000000000 00000000010 00011110000 00011100000 00011110000 00011110000
00000000000 00000000000 00000000000 00000000010 00111111000 00111100000 00111111000 00111111000
00000000000 00110011000 00000000000 00000000110 01110011100 01111100000 01110011100 01110011100
00000000000 00110011000 00000000000 00000000110 11100001110 11101100000 11100001110 11100001110
00000000000 00110011000 00000000000 00000000110 11000000110 11001100000 11000000110 11000000110
00000000000 00110011000 00000000000 00000001100 11000001110 00001100000 00000000110 00000000110
00000000000 00110011000 00000000000 00000001100 11000001110 00001100000 00000000110 00000000110
00000000000 00110011000 00000000000 00000011000 11000011110 00001100000 00000000110 00000000110
00000000000 11111111110 00000000000 00000011000 11000010110 00001100000 00000000110 00000000110
00000000000 11111111110 00000000000 00000110000 11000110110 00001100000 00000001110 00000001110
00000000000 00110011000 00000000000 00000110000 11000100110 00001100000 00000011100 00000011100
00000000000 00110011000 01111111100 00001100000 11001100110 00001100000 00000111000 00000111000
00000000000 00110011000 01111111100 00001100000 11001000110 00001100000 00001110000 00000111000
00000000000 00110011000 00000000000 00011000000 11011000110 00001100000 00011100000 00000011100
00000000000 11111111110 00000000000 00011000000 11010000110 00001100000 00111000000 00000001110
00000000000 11111111110 00000000000 00110000000 11110000110 00001100000 01110000000 00000001110
00000000000 00110011000 00000000000 00110000000 11100000110 00001100000 11100000000 00000000110
00000000000 00110011000 00000000000 01100000000 11100000110 00001100000 11000000000 00000000110
00000000000 00110011000 00000000000 01100000000 11000000110 00001100000 11000000000 11000000110
00000000000 00110011000 00000000000 11000000000 11000000110 00001100000 11000000000 11000000110
00000000000 00110011000 00000000000 11000000000 11100001110 00001100000 11000000000 01100001110
00000000000 00110011000 00000000000 11000000000 01110011100 00001100000 11000000000 01110011100
00000000000 00000000000 00000000000 10000000000 00111111000 11111111110 11111111110 00111111000
00000000000 00000000000 00000000000 10000000000 00011110000 11111111110 11111111110 00011110000
00000000000 00000000000 00000000000 00000000000 00000000000 00000000000 00000000000 00000000000
                                               
00000001100 11111111110 00011110000 11111111110 00011110000 00011110000 00000000000 00011110000
00000011100 11111111110 00111111000 11111111110 00111111000 00111111000 00000000000 00111111000
00000111100 11000000000 01110011100 00000000110 01110011100 01110011100 00000000000 01110011100
00000111100 11000000000 11100001110 00000000110 11100001110 11100001110 00000000000 11100001110
00001111100 11000000000 11000000110 00000000110 11000000110 11000000110 00000000000 11000000110
00011101100 11000000000 11000000000 00000000110 11000000110 11000000110 00000000000 11000000110
00111001100 11000000000 11000000000 00000001100 11000000110 11000000110 00001100000 11000000110
00110001100 11000000000 11000000000 00000001100 11000000110 11000000110 00011110000 11000000110
01110001100 11000000000 11000000000 00000011000 11000000110 11000000110 00011110000 11000000110
01100001100 11000000000 11000000000 00000011000 11100001110 11100000110 00001100000 11000000110
11100001100 11000000000 11000000000 00000110000 01110011100 01110000110 00000000000 11000000110
11111111110 11111110000 11111111000 00000110000 00111111000 00111111110 00000000000 11111111110
11111111110 11111111000 11111111000 00001100000 00111111000 00111111110 00000000000 11111111110
00000001100 00000011100 11000011100 00001100000 01110011100 00000000110 00000000000 11000000110
00000001100 00000001110 11000001110 00011000000 11100001110 00000000110 00001100000 11000000110
00000001100 00000000110 11000001110 00011000000 11100001110 00000000110 00011110000 11000000110
00000001100 00000000110 11000000110 00110000000 11000000110 00000000110 00011110000 11000000110
00000001100 00000000110 11000000110 00110000000 11000000110 00000000110 00001100000 11000000110
00000001100 11000000110 11000000110 01100000000 11000000110 00000000110 00000000000 11000000110
00000001100 11000000110 11000000110 01100000000 11000000110 11000000110 00000000000 11000000110
00000001100 01100001110 01100001110 11000000000 11100001110 11100001110 00000000000 11000000110
00000001100 01110011100 01110011100 11000000000 01110011100 01110011100 00000000000 11000000110
00000001100 00111111000 00111111000 11000000000 00111111000 00111111000 00000000000 11000000110
00000001100 00011110000 00011110000 11000000000 00011110000 00011110000 00000000000 11000000110
00000000000 00000000000 00000000000 00000000000 00000000000 00000000000 00000000000 00000000000
                                               
11111110000 00011110000 11111110000 11111111110 11111111110 00011110000 11000000110 11111111110
11111111000 00111111000 11111111000 11111111110 11111111110 00111111000 11000000110 11111111110
11000011100 01110011100 11000011100 11000000000 11000000000 01110011100 11000000110 00001100000
11000001110 11100001110 11000001110 11000000000 11000000000 11100001110 11000000110 00001100000
11000000110 11000000110 11000000110 11000000000 11000000000 11000000110 11000000110 00001100000
11000000110 11000000000 11000000110 11000000000 11000000000 11000000000 11000000110 00001100000
11000000110 11000000000 11000000110 11000000000 11000000000 11000000000 11000000110 00001100000
11000000110 11000000000 11000000110 11000000000 11000000000 11000000000 11000000110 00001100000
11000000110 11000000000 11000000110 11000000000 11000000000 11000000000 11000000110 00001100000
11000001110 11000000000 11000000110 11000000000 11000000000 11000000000 11000000110 00001100000
11000011100 11000000000 11000000110 11000000000 11000000000 11000000000 11000000110 00001100000
11111111000 11000000000 11000000110 11111100000 11111100000 11001111110 11111111110 00001100000
11111111000 11000000000 11000000110 11111100000 11111100000 11001111110 11111111110 00001100000
11000011100 11000000000 11000000110 11000000000 11000000000 11000000110 11000000110 00001100000
11000001110 11000000000 11000000110 11000000000 11000000000 11000000110 11000000110 00001100000
11000001110 11000000000 11000000110 11000000000 11000000000 11000000110 11000000110 00001100000
11000000110 11000000000 11000000110 11000000000 11000000000 11000000110 11000000110 00001100000
11000000110 11000000000 11000000110 11000000000 11000000000 11000000110 11000000110 00001100000
11000000110 11000000000 11000000110 11000000000 11000000000 11000000110 11000000110 00001100000
11000000110 11000000110 11000000110 11000000000 11000000000 11000000110 11000000110 00001100000
11000001110 11100001110 11000001110 11000000000 11000000000 11100001110 11000000110 00001100000
11000011100 01110011100 11000011100 11000000000 11000000000 01110011100 11000000110 00001100000
11111111000 00111111000 11111111000 11111111110 11000000000 00111111000 11000000110 11111111110
11111110000 00011110000 11111110000 11111111110 11000000000 00011110000 11000000110 11111111110
00000000000 00000000000 00000000000 00000000000 00000000000 00000000000 00000000000 00000000000
                                               
00000000110 11000000110 11000000000 11000000110 11000000110 00011110000 11111110000 00011110000
00000000110 11000000110 11000000000 11000000110 11000000110 00111111000 11111111000 00111111000
00000000110 11000001100 11000000000 11100001110 11100000110 01110011100 11000011100 01110011100
00000000110 11000001100 11000000000 11100001110 11100000110 11100001110 11000001110 11100001110
00000000110 11000011000 11000000000 11110011110 11110000110 11000000110 11000000110 11000000110
00000000110 11000111000 11000000000 11110011110 11110000110 11000000110 11000000110 11000000110
00000000110 11000110000 11000000000 11011110110 11111000110 11000000110 11000000110 11000000110
00000000110 11001100000 11000000000 11011110110 11011000110 11000000110 11000000110 11000000110
00000000110 11001100000 11000000000 11001100110 11011100110 11000000110 11000000110 11000000110
00000000110 11111000000 11000000000 11001100110 11001100110 11000000110 11000001110 11000000110
00000000110 11111000000 11000000000 11000000110 11001110110 11000000110 11000011100 11000000110
00000000110 11110000000 11000000000 11000000110 11000110110 11000000110 11111111000 11000000110
00000000110 11110000000 11000000000 11000000110 11000111110 11000000110 11111111000 11000000110
00000000110 11111000000 11000000000 11000000110 11000011110 11000000110 11000000000 11000000110
00000000110 11111000000 11000000000 11000000110 11000011110 11000000110 11000000000 11000000110
00000000110 11001100000 11000000000 11000000110 11000001110 11000000110 11000000000 11000000110
00000000110 11001100000 11000000000 11000000110 11000001110 11000000110 11000000000 11000000110
00000000110 11000110000 11000000000 11000000110 11000000110 11000000110 11000000000 11000000110
00000000110 11000111000 11000000000 11000000110 11000000110 11000000110 11000000000 11000000110
11000000110 11000011000 11000000000 11000000110 11000000110 11000000110 11000000000 11000110110
11100001110 11000001100 11000000000 11000000110 11000000110 11100001110 11000000000 11100111110
01110011100 11000001100 11000000000 11000000110 11000000110 01110011100 11000000000 01110011100
00111111000 11000000110 11111111110 11000000110 11000000110 00111111000 11000000000 00111111110
00011110000 11000000110 11111111110 11000000110 11000000110 00011110000 11000000000 00011110110
00000000000 00000000000 00000000000 00000000000 00000000000 00000000000 00000000000 00000000000
                                               
11111110000 00011110000 11111111110 11000000110 11000000110 11000000110 11000000110 11000000110
11111111000 00111111000 11111111110 11000000110 11000000110 11000000110 11000000110 11000000110
11000011100 01110011100 00001100000 11000000110 11000000110 11000000110 11000000110 11000000110
11000001110 11100001110 00001100000 11000000110 11000000110 11000000110 11000000110 11000000110
11000000110 11000000110 00001100000 11000000110 11000000110 11000000110 01100001100 01100001100
11000000110 11000000000 00001100000 11000000110 11000000110 11000000110 01100001100 01100001100
11000000110 11000000000 00001100000 11000000110 11000000110 11000000110 00110011000 00110011000
11000000110 11000000000 00001100000 11000000110 11000000110 11000000110 00110011000 00110011000
11000000110 11000000000 00001100000 11000000110 11000000110 11000000110 00011110000 00011110000
11000001110 11100000000 00001100000 11000000110 11000000110 11000000110 00011110000 00011110000
11000011100 01111100000 00001100000 11000000110 11000000110 11000000110 00001100000 00001100000
11111111000 00111111000 00001100000 11000000110 11000000110 11000000110 00001100000 00001100000
11111111000 00001111100 00001100000 11000000110 11000000110 11000000110 00001100000 00001100000
11111100000 00000001110 00001100000 11000000110 11100001110 11000000110 00001100000 00001100000
11011100000 00000000110 00001100000 11000000110 11100001110 11001100110 00011110000 00001100000
11001110000 00000000110 00001100000 11000000110 01100001100 11001100110 00011110000 00001100000
11001110000 00000000110 00001100000 11000000110 01100001100 11011110110 00110011000 00001100000
11000111000 00000000110 00001100000 11000000110 01110011100 11011110110 00110011000 00001100000
11000111000 00000000110 00001100000 11000000110 01110011100 11110011110 01100001100 00001100000
11000011100 11000000110 00001100000 11000000110 00110011000 11110011110 01100001100 00001100000
11000001100 11100001110 00001100000 11100001110 00110011000 11100001110 11000000110 00001100000
11000001110 01110011100 00001100000 01110011100 00111111000 11100001110 11000000110 00001100000
11000000110 00111111000 00001100000 00111111000 00011110000 11000000110 11000000110 00001100000
11000000110 00011110000 00001100000 00011110000 00001100000 11000000110 11000000110 00001100000
00000000000 00000000000 00000000000 00000000000 00000000000 00000000000 00000000000 00000000000
                                               
11111111110 00001111100 01111100000 00000000000 11111111110 00000000000 00000000000 00000000000
11111111110 00001111100 01111100000 00000000000 10000000010 00000000000 00000000000 00000000000
00000000110 00001100000 00001100000 00000000000 10000000010 00000000000 00000000000 00000000000
00000000110 00001100000 00001100000 00000000000 10011110010 00000000000 00000000000 00000000000
00000000110 00001100000 00001100000 00000000000 10111111010 00000000000 00000000000 00000000000
00000001100 00001100000 00001100000 00000000000 10110011010 00000000000 00000000000 00000000000
00000001100 00001100000 00001100000 00000000000 10110011010 00000000000 00000000000 00000000000
00000011000 00001100000 00001100000 00000000000 10000011010 00000000000 00000000000 00000000000
00000011000 00001100000 00001100000 00000000000 10000011010 00000000000 00000000000 00000000000
00000110000 00001100000 00001100000 00000000000 10000111010 00000000000 00000000000 00000000000
00000110000 00001100000 00001100000 00000000000 10001110010 00000000000 00000000000 00000000000
00001100000 00001100000 00001100000 00000000000 10001100010 00000000000 00000000000 00000000000
00001100000 00001100000 00001100000 00000000000 10001100010 00000000000 00000000000 00000000000
00011000000 00001100000 00001100000 00000000000 10001100010 00000000000 00000000000 00000000000
00011000000 00001100000 00001100000 00000000000 10001100010 00000000000 00000000000 00000000000
00110000000 00001100000 00001100000 00000000000 10001100010 00000000000 00000000000 00000000000
00110000000 00001100000 00001100000 00000000000 10001100010 00000000000 00000000000 00000000000
01100000000 00001100000 00001100000 00000000000 10000000010 00000000000 00000000000 00000000000
01100000000 00001100000 00001100000 00000000000 10000000010 00000000000 00000000000 00000000000
11000000000 00001100000 00001100000 00000000000 10001100010 00000000000 00000000000 00000000000
11000000000 00001100000 00001100000 00000000000 10001100010 00000000000 00000000000 00000000000
11000000000 00001100000 00001100000 00000000000 10000000010 00000000000 00000000000 00000000000
11111111110 00001111100 01111100000 11111111110 10000000010 00000000000 00000000000 00000000000
11111111110 00001111100 01111100000 11111111110 11111111110 00000000000 00000000000 00000000000
00000000000 00000000000 00000000000 00000000000 00000000000 00000000000 00000000000 00000000000
