000000 010100 000000 000100 011100 011000 011100 011100
000000 010100 000000 000100 100010 111000 100010 100010
000000 111110 000000 001000 100110 001000 000010 000010
000000 010100 011100 001000 101010 001000 000100 001100
000000 111110 000000 001000 110010 001000 001000 000010
000000 010100 000000 010000 100010 001000 010000 100010
000000 010100 000000 010000 011100 111110 111110 011100
000000 000000 000000 000000 000000 000000 000000 000000
                           
000100 111110 011100 111110 011100 011100 000000 011100
001100 100000 100010 000010 100010 100010 001100 100010
010100 111000 100000 000100 100010 100010 001100 100010
111110 000100 111100 001000 011100 011110 000000 111110
000100 000010 100010 001000 100010 000010 001100 100010
000100 100010 100010 001000 100010 100010 001100 100010
000100 011100 011100 001000 011100 011100 000000 100010
000000 000000 000000 000000 000000 000000 000000 000000
                           
111100 011110 111100 111110 111110 011110 100010 111110
100010 100000 100010 100000 100000 100000 100010 001000
100010 100000 100010 100000 100000 100000 100010 001000
111100 100000 100010 111000 111100 101110 111110 001000
100010 100000 100010 100000 100000 100010 100010 001000
100010 100000 100010 100000 100000 100010 100010 001000
111100 011110 111100 111110 100000 011100 100010 111110
000000 000000 000000 000000 000000 000000 000000 000000
                           
000010 100010 100000 100010 100010 011100 111100 011100
000010 100100 100000 110110 110010 100010 100010 100010
000010 101000 100000 101010 111010 100010 100010 100010
000010 110000 100000 100010 101110 100010 111100 100010
100010 101000 100000 100010 100110 100010 100000 100010
100010 100100 100000 100010 100010 100010 100000 100110
011100 100010 111110 100010 100010 011100 100000 011110
000000 000000 000000 000000 000000 000000 000000 000000
                           
111100 011110 111110 100010 100010 100010 100010 100010
100010 100000 001000 100010 100010 100010 100010 100010
100010 100000 001000 100010 100010 100010 010100 010100
111100 011100 001000 100010 100010 100010 001000 001000
111000 000010 001000 100010 010100 101010 010100 001000
100100 000010 001000 100010 010100 110110 100010 001000
100010 111100 001000 011100 001000 100010 100010 001000
000000 000000 000000 000000 000000 000000 000000 000000
                           
111110 001100 011000 000000 111110 000000 000000 000000
000010 001000 001000 000000 100010 000000 000000 000000
000100 001000 001000 000000 101010 000000 000000 000000
001000 001000 001000 000000 111110 000000 000000 000000
010000 001000 001000 000000 101010 000000 000000 000000
100000 001000 001000 000000 100010 000000 000000 000000
111110 001100 011000 111110 111110 000000 000000 000000
000000 000000 000000 000000 000000 000000 000000 000000
