00000 01010 00000 00010 01110 01100 01110 01110
00000 01010 00000 00010 10001 11100 10001 10001
00000 11111 00000 00100 10011 00100 00001 00001
00000 01010 01110 00100 10101 00100 00010 00110
00000 11111 00000 00100 11001 00100 00100 00001
00000 01010 00000 01000 10001 00100 01000 10001
00000 01010 00000 01000 01110 11111 11111 01110
00000 00000 00000 00000 00000 00000 00000 00000
                       
00010 11111 01110 11111 01110 01110 00000 01110
00110 10000 10001 00001 10001 10001 00110 10001
01010 11100 10000 00010 10001 10001 00110 10001
11111 00010 11110 00100 01110 01111 00000 11111
00010 00001 10001 00100 10001 00001 00110 10001
00010 10001 10001 00100 10001 10001 00110 10001
00010 01110 01110 00100 01110 01110 00000 10001
00000 00000 00000 00000 00000 00000 00000 00000
                       
11110 01111 11110 11111 11111 01111 10001 11111
10001 10000 10001 10000 10000 10000 10001 00100
10001 10000 10001 10000 10000 10000 10001 00100
11110 10000 10001 11100 11110 10111 11111 00100
10001 10000 10001 10000 10000 10001 10001 00100
10001 10000 10001 10000 10000 10001 10001 00100
11110 01111 11110 11111 10000 01110 10001 11111
00000 00000 00000 00000 00000 00000 00000 00000
                       
00001 10001 10000 10001 10001 01110 11110 01110
00001 10010 10000 11011 11001 10001 10001 10001
00001 10100 10000 10101 11101 10001 10001 10001
00001 11000 10000 10001 10111 10001 11110 10001
10001 10100 10000 10001 10011 10001 10000 10001
10001 10010 10000 10001 10001 10001 10000 10011
01110 10001 11111 10001 10001 01110 10000 01111
00000 00000 00000 00000 00000 00000 00000 00000
                       
11110 01111 11111 10001 10001 10001 10001 10001
10001 10000 00100 10001 10001 10001 10001 10001
10001 10000 00100 10001 10001 10001 01010 01010
11110 01110 00100 10001 10001 10001 00100 00100
11100 00001 00100 10001 01010 10101 01010 00100
10010 00001 00100 10001 01010 11011 10001 00100
10001 11110 00100 01110 00100 10001 10001 00100
00000 00000 00000 00000 00000 00000 00000 00000
                       
11111 00110 01100 00000 11111 00000 00000 00000
00001 00100 00100 00000 10001 00000 00000 00000
00010 00100 00100 00000 10101 00000 00000 00000
00100 00100 00100 00000 11111 00000 00000 00000
01000 00100 00100 00000 10101 00000 00000 00000
10000 00100 00100 00000 10001 00000 00000 00000
11111 00110 01100 11111 11111 00000 00000 00000
00000 00000 00000 00000 00000 00000 00000 00000
