0000000000 0000000000 0000000000 0000000001 0001111000 0001110000 0001111000 0001111000
0000000000 0000000000 0000000000 0000000001 0011111100 0011110000 0011111100 0011111100
0000000000 0011001100 0000000000 0000000011 0111001110 0111110000 0111001110 0111001110
0000000000 0011001100 0000000000 0000000011 1110000111 1110110000 1110000111 1110000111
0000000000 0011001100 0000000000 0000000011 1100000011 1100110000 1100000011 1100000011
0000000000 0011001100 0000000000 0000000110 1100000111 0000110000 0000000011 0000000011
0000000000 0011001100 0000000000 0000000110 1100000111 0000110000 0000000011 0000000011
0000000000 0011001100 0000000000 0000001100 1100001111 0000110000 0000000011 0000000011
0000000000 1111111111 0000000000 0000001100 1100001011 0000110000 0000000011 0000000011
0000000000 1111111111 0000000000 0000011000 1100011011 0000110000 0000000111 0000000111
0000000000 0011001100 0000000000 0000011000 1100010011 0000110000 0000001110 0000001110
0000000000 0011001100 0111111110 0000110000 1100110011 0000110000 0000011100 0000011100
0000000000 0011001100 0111111110 0000110000 1100100011 0000110000 0000111000 0000011100
0000000000 0011001100 0000000000 0001100000 1101100011 0000110000 0001110000 0000001110
0000000000 1111111111 0000000000 0001100000 1101000011 0000110000 0011100000 0000000111
0000000000 1111111111 0000000000 0011000000 1111000011 0000110000 0111000000 0000000111
0000000000 0011001100 0000000000 0011000000 1110000011 0000110000 1110000000 0000000011
0000000000 0011001100 0000000000 0110000000 1110000011 0000110000 1100000000 0000000011
0000000000 0011001100 0000000000 0110000000 1100000011 0000110000 1100000000 1100000011
0000000000 0011001100 0000000000 1100000000 1100000011 0000110000 1100000000 1100000011
0000000000 0011001100 0000000000 1100000000 1110000111 0000110000 1100000000 0110000111
0000000000 0011001100 0000000000 1100000000 0111001110 0000110000 1100000000 0111001110
0000000000 0000000000 0000000000 1000000000 0011111100 1111111111 1111111111 0011111100
0000000000 0000000000 0000000000 1000000000 0001111000 1111111111 1111111111 0001111000
0000000000 0000000000 0000000000 0000000000 0000000000 0000000000 0000000000 0000000000
                                           
0000000110 1111111111 0001111000 1111111111 0001111000 0001111000 0000000000 0001111000
0000001110 1111111111 0011111100 1111111111 0011111100 0011111100 0000000000 0011111100
0000011110 1100000000 0111001110 0000000011 0111001110 0111001110 0000000000 0111001110
0000011110 1100000000 1110000111 0000000011 1110000111 1110000111 0000000000 1110000111
0000111110 1100000000 1100000011 0000000011 1100000011 1100000011 0000000000 1100000011
0001110110 1100000000 1100000000 0000000011 1100000011 1100000011 0000000000 1100000011
0011100110 1100000000 1100000000 0000000110 1100000011 1100000011 0000110000 1100000011
0011000110 1111100000 1100000000 0000000110 1100000011 1100000011 0001111000 1100000011
0111000110 1111110000 1100000000 0000001100 1100000011 1100000011 0001111000 1100000011
0110000110 0000111000 1100000000 0000001100 1110000111 1110000011 0000110000 1100000011
1110000110 0000011100 1100000000 0000011000 0111001110 0111000011 0000000000 1100000011
1111111111 0000001110 1111111100 0000011000 0011111100 0011111111 0000000000 1111111111
1111111111 0000000111 1111111100 0000110000 0011111100 0011111111 0000000000 1111111111
0000000110 0000000011 1100001110 0000110000 0111001110 0000000011 0000000000 1100000011
0000000110 0000000011 1100000111 0000110000 1110000111 0000000011 0000110000 1100000011
0000000110 0000000011 1100000111 0000110000 1110000111 0000000011 0001111000 1100000011
0000000110 0000000011 1100000011 0000110000 1100000011 0000000011 0001111000 1100000011
0000000110 0000000011 1100000011 0000110000 1100000011 0000000011 0000110000 1100000011
0000000110 1100000011 1100000011 0000110000 1100000011 0000000011 0000000000 1100000011
0000000110 1100000011 1100000011 0000110000 1100000011 1100000011 0000000000 1100000011
0000000110 0110000111 0110000111 0000110000 1110000111 1110000111 0000000000 1100000011
0000000110 0111001110 0111001110 0000110000 0111001110 0111001110 0000000000 1100000011
0000000110 0011111100 0011111100 0000110000 0011111100 0011111100 0000000000 1100000011
0000000110 0001111000 0001111000 0000110000 0001111000 0001111000 0000000000 1100000011
0000000000 0000000000 0000000000 0000000000 0000000000 0000000000 0000000000 0000000000
                                           
1111111000 0001111000 1111111000 1111111111 1111111111 0001111000 1100000011 1111111111
1111111100 0011111100 1111111100 1111111111 1111111111 0011111100 1100000011 1111111111
1100001110 0111001110 1100001110 1100000000 1100000000 0111001110 1100000011 0000110000
1100000111 1110000111 1100000111 1100000000 1100000000 1110000111 1100000011 0000110000
1100000011 1100000011 1100000011 1100000000 1100000000 1100000011 1100000011 0000110000
1100000011 1100000000 1100000011 1100000000 1100000000 1100000000 1100000011 0000110000
1100000011 1100000000 1100000011 1100000000 1100000000 1100000000 1100000011 0000110000
1100000011 1100000000 1100000011 1100000000 1100000000 1100000000 1100000011 0000110000
1100000011 1100000000 1100000011 1100000000 1100000000 1100000000 1100000011 0000110000
1100000111 1100000000 1100000011 1100000000 1100000000 1100000000 1100000011 0000110000
1100001110 1100000000 1100000011 1100000000 1100000000 1100000000 1100000011 0000110000
1111111100 1100000000 1100000011 1111110000 1111110000 1100111111 1111111111 0000110000
1111111100 1100000000 1100000011 1111110000 1111110000 1100111111 1111111111 0000110000
1100001110 1100000000 1100000011 1100000000 1100000000 1100000011 1100000011 0000110000
1100000111 1100000000 1100000011 1100000000 1100000000 1100000011 1100000011 0000110000
1100000111 1100000000 1100000011 1100000000 1100000000 1100000011 1100000011 0000110000
1100000011 1100000000 1100000011 1100000000 1100000000 1100000011 1100000011 0000110000
1100000011 1100000000 1100000011 1100000000 1100000000 1100000011 1100000011 0000110000
1100000011 1100000000 1100000011 1100000000 1100000000 1100000011 1100000011 0000110000
1100000011 1100000011 1100000011 1100000000 1100000000 1100000011 1100000011 0000110000
1100000111 1110000111 1100000111 1100000000 1100000000 1110000111 1100000011 0000110000
1100001110 0111001110 1100001110 1100000000 1100000000 0111001110 1100000011 0000110000
1111111100 0011111100 1111111100 1111111111 1100000000 0011111100 1100000011 1111111111
1111111000 0001111000 1111111000 1111111111 1100000000 0001111000 1100000011 1111111111
0000000000 0000000000 0000000000 0000000000 0000000000 0000000000 0000000000 0000000000
                                           
0000000011 1100000011 1100000000 1100000011 1100000011 0001111000 1111111000 0001111000
0000000011 1100000011 1100000000 1100000011 1100000011 0011111100 1111111100 0011111100
0000000011 1100000110 1100000000 1110000111 1110000011 0111001110 1100001110 0111001110
0000000011 1100000110 1100000000 1110000111 1110000011 1110000111 1100000111 1110000111
0000000011 1100001100 1100000000 1111001111 1111000011 1100000011 1100000011 1100000011
0000000011 1100011100 1100000000 1111001111 1111000011 1100000011 1100000011 1100000011
0000000011 1100011000 1100000000 1101111011 1111100011 1100000011 1100000011 1100000011
0000000011 1100110000 1100000000 1101111011 1101100011 1100000011 1100000011 1100000011
0000000011 1100110000 1100000000 1100110011 1101110011 1100000011 1100000011 1100000011
0000000011 1111100000 1100000000 1100110011 1100110011 1100000011 1100000111 1100000011
0000000011 1111100000 1100000000 1100000011 1100111011 1100000011 1100001110 1100000011
0000000011 1111000000 1100000000 1100000011 1100011011 1100000011 1111111100 1100000011
0000000011 1111000000 1100000000 1100000011 1100011111 1100000011 1111111100 1100000011
0000000011 1111100000 1100000000 1100000011 1100001111 1100000011 1100000000 1100000011
0000000011 1111100000 1100000000 1100000011 1100001111 1100000011 1100000000 1100000011
0000000011 1100110000 1100000000 1100000011 1100000111 1100000011 1100000000 1100000011
0000000011 1100110000 1100000000 1100000011 1100000111 1100000011 1100000000 1100000011
0000000011 1100011000 1100000000 1100000011 1100000011 1100000011 1100000000 1100000011
0000000011 1100011100 1100000000 1100000011 1100000011 1100000011 1100000000 1100000011
1100000011 1100001100 1100000000 1100000011 1100000011 1100000011 1100000000 1100011011
1110000111 1100000110 1100000000 1100000011 1100000011 1110000111 1100000000 1110011111
0111001110 1100000110 1100000000 1100000011 1100000011 0111001110 1100000000 0111001110
0011111100 1100000011 1111111111 1100000011 1100000011 0011111100 1100000000 0011111111
0001111000 1100000011 1111111111 1100000011 1100000011 0001111000 1100000000 0001111011
0000000000 0000000000 0000000000 0000000000 0000000000 0000000000 0000000000 0000000000
                                           
1111111000 0001111000 1111111111 1100000011 1100000011 1100000011 1100000011 1100000011
1111111100 0011111100 1111111111 1100000011 1100000011 1100000011 1100000011 1100000011
1100001110 0111001110 0000110000 1100000011 1100000011 1100000011 1100000011 1100000011
1100000111 1110000111 0000110000 1100000011 1100000011 1100000011 1100000011 1100000011
1100000011 1100000011 0000110000 1100000011 1100000011 1100000011 0110000110 0110000110
1100000011 1100000000 0000110000 1100000011 1100000011 1100000011 0110000110 0110000110
1100000011 1100000000 0000110000 1100000011 1100000011 1100000011 0011001100 0011001100
1100000011 1100000000 0000110000 1100000011 1100000011 1100000011 0011001100 0011001100
1100000011 1100000000 0000110000 1100000011 1100000011 1100000011 0001111000 0001111000
1100000111 1110000000 0000110000 1100000011 1100000011 1100000011 0001111000 0001111000
1100001110 0111110000 0000110000 1100000011 1100000011 1100000011 0000110000 0000110000
1111111100 0011111100 0000110000 1100000011 1100000011 1100000011 0000110000 0000110000
1111111100 0000111110 0000110000 1100000011 1100000011 1100000011 0000110000 0000110000
1111110000 0000000111 0000110000 1100000011 1110000111 1100000011 0000110000 0000110000
1101110000 0000000011 0000110000 1100000011 1110000111 1100110011 0001111000 0000110000
1100111000 0000000011 0000110000 1100000011 0110000110 1100110011 0001111000 0000110000
1100111000 0000000011 0000110000 1100000011 0110000110 1101111011 0011001100 0000110000
1100011100 0000000011 0000110000 1100000011 0111001110 1101111011 0011001100 0000110000
1100011100 0000000011 0000110000 1100000011 0111001110 1111001111 0110000110 0000110000
1100001110 1100000011 0000110000 1100000011 0011001100 1111001111 0110000110 0000110000
1100000110 1110000111 0000110000 1110000111 0011001100 1110000111 1100000011 0000110000
1100000111 0111001110 0000110000 0111001110 0011111100 1110000111 1100000011 0000110000
1100000011 0011111100 0000110000 0011111100 0001111000 1100000011 1100000011 0000110000
1100000011 0001111000 0000110000 0001111000 0000110000 1100000011 1100000011 0000110000
0000000000 0000000000 0000000000 0000000000 0000000000 0000000000 0000000000 0000000000
                                           
1111111111 0000111110 0111110000 0000000000 1111111111 0000000000 0000000000 0000000000
1111111111 0000111110 0111110000 0000000000 1000000001 0000000000 0000000000 0000000000
0000000011 0000110000 0000110000 0000000000 1000000001 0000000000 0000000000 0000000000
0000000011 0000110000 0000110000 0000000000 1001111001 0000000000 0000000000 0000000000
0000000011 0000110000 0000110000 0000000000 1011111101 0000000000 0000000000 0000000000
0000000110 0000110000 0000110000 0000000000 1011001101 0000000000 0000000000 0000000000
0000000110 0000110000 0000110000 0000000000 1011001101 0000000000 0000000000 0000000000
0000001100 0000110000 0000110000 0000000000 1000001101 0000000000 0000000000 0000000000
0000001100 0000110000 0000110000 0000000000 1000001101 0000000000 0000000000 0000000000
0000011000 0000110000 0000110000 0000000000 1000011101 0000000000 0000000000 0000000000
0000011000 0000110000 0000110000 0000000000 1000111001 0000000000 0000000000 0000000000
0000110000 0000110000 0000110000 0000000000 1000110001 0000000000 0000000000 0000000000
0000110000 0000110000 0000110000 0000000000 1000110001 0000000000 0000000000 0000000000
0001100000 0000110000 0000110000 0000000000 1000110001 0000000000 0000000000 0000000000
0001100000 0000110000 0000110000 0000000000 1000110001 0000000000 0000000000 0000000000
0011000000 0000110000 0000110000 0000000000 1000110001 0000000000 0000000000 0000000000
0011000000 0000110000 0000110000 0000000000 1000110001 0000000000 0000000000 0000000000
0110000000 0000110000 0000110000 0000000000 1000000001 0000000000 0000000000 0000000000
0110000000 0000110000 0000110000 0000000000 1000000001 0000000000 0000000000 0000000000
1100000000 0000110000 0000110000 0000000000 1000110001 0000000000 0000000000 0000000000
1100000000 0000110000 0000110000 0000000000 1000110001 0000000000 0000000000 0000000000
1100000000 0000110000 0000110000 0000000000 1000000001 0000000000 0000000000 0000000000
1111111111 0000111110 0111110000 1111111111 1000000001 0000000000 0000000000 0000000000
1111111111 0000111110 0111110000 1111111111 1111111111 0000000000 0000000000 0000000000
0000000000 0000000000 0000000000 0000000000 0000000000 0000000000 0000000000 0000000000
