0000000000000000000000000000 0000000000000000000000000000 0000000000000000000000000000 0000000000000000000000000011 0000000011111111111100000000 0000000011111111000000000000 0000000011111111111100000000 0000000011111111111100000000
0000000000000000000000000000 0000000000000000000000000000 0000000000000000000000000000 0000000000000000000000000011 0000000111111111111110000000 0000000111111111000000000000 0000000111111111111110000000 0000000111111111111110000000
0000000000000000000000000000 0000000000000000000000000000 0000000000000000000000000000 0000000000000000000000000111 0000001111111111111111000000 0000001111111111000000000000 0000001111111111111111000000 0000001111111111111111000000
0000000000000000000000000000 0000000000000000000000000000 0000000000000000000000000000 0000000000000000000000000111 0000011111111111111111100000 0000011111111111000000000000 0000011111111111111111100000 0000011111111111111111100000
0000000000000000000000000000 0000001111000000001111000000 0000000000000000000000000000 0000000000000000000000001111 0000111111100000011111110000 0000111111111111000000000000 0000111111100000011111110000 0000111111100000011111110000
0000000000000000000000000000 0000001111000000001111000000 0000000000000000000000000000 0000000000000000000000001111 0001111111000000001111111000 0001111111001111000000000000 0001111111000000001111111000 0001111111000000001111111000
0000000000000000000000000000 0000001111000000001111000000 0000000000000000000000000000 0000000000000000000000011111 0011111110000000000111111100 0011111110001111000000000000 0011111110000000000111111100 0011111110000000000111111100
0000000000000000000000000000 0000001111000000001111000000 0000000000000000000000000000 0000000000000000000000011111 0111111100000000000011111110 0111111100001111000000000000 0111111100000000000011111110 0111111100000000000011111110
0000000000000000000000000000 0000001111000000001111000000 0000000000000000000000000000 0000000000000000000000111110 1111111000000000000001111111 1111111000001111000000000000 1111111000000000000001111111 1111111000000000000001111111
0000000000000000000000000000 0000001111000000001111000000 0000000000000000000000000000 0000000000000000000000111110 1111110000000000000000111111 1111110000001111000000000000 1111110000000000000000111111 1111110000000000000000111111
0000000000000000000000000000 0000001111000000001111000000 0000000000000000000000000000 0000000000000000000001111100 1111100000000000000000011111 1111100000001111000000000000 1111100000000000000000011111 1111100000000000000000011111
0000000000000000000000000000 0000001111000000001111000000 0000000000000000000000000000 0000000000000000000001111100 1111000000000000000000001111 1111000000001111000000000000 1111000000000000000000001111 1111000000000000000000001111
0000000000000000000000000000 0000001111000000001111000000 0000000000000000000000000000 0000000000000000000011111000 1111000000000000000000001111 0000000000001111000000000000 0000000000000000000000001111 0000000000000000000000001111
0000000000000000000000000000 0000001111000000001111000000 0000000000000000000000000000 0000000000000000000011111000 1111000000000000000000011111 0000000000001111000000000000 0000000000000000000000001111 0000000000000000000000001111
0000000000000000000000000000 0000001111000000001111000000 0000000000000000000000000000 0000000000000000000111110000 1111000000000000000000011111 0000000000001111000000000000 0000000000000000000000001111 0000000000000000000000001111
0000000000000000000000000000 0000001111000000001111000000 0000000000000000000000000000 0000000000000000000111110000 1111000000000000000000111111 0000000000001111000000000000 0000000000000000000000001111 0000000000000000000000001111
0000000000000000000000000000 0000001111000000001111000000 0000000000000000000000000000 0000000000000000001111100000 1111000000000000000001111111 0000000000001111000000000000 0000000000000000000000001111 0000000000000000000000001111
0000000000000000000000000000 0000001111000000001111000000 0000000000000000000000000000 0000000000000000001111100000 1111000000000000000001111111 0000000000001111000000000000 0000000000000000000000001111 0000000000000000000000001111
0000000000000000000000000000 0000001111000000001111000000 0000000000000000000000000000 0000000000000000011111000000 1111000000000000000011101111 0000000000001111000000000000 0000000000000000000000001111 0000000000000000000000001111
0000000000000000000000000000 0000001111000000001111000000 0000000000000000000000000000 0000000000000000011111000000 1111000000000000000111101111 0000000000001111000000000000 0000000000000000000000001111 0000000000000000000000001111
0000000000000000000000000000 0000001111000000001111000000 0000000000000000000000000000 0000000000000000111110000000 1111000000000000000111001111 0000000000001111000000000000 0000000000000000000000011111 0000000000000000000000011111
0000000000000000000000000000 0000001111000000001111000000 0000000000000000000000000000 0000000000000000111110000000 1111000000000000001110001111 0000000000001111000000000000 0000000000000000000000111111 0000000000000000000000111111
0000000000000000000000000000 1111111111111111111111111111 0000000000000000000000000000 0000000000000001111100000000 1111000000000000011110001111 0000000000001111000000000000 0000000000000000000001111111 0000000000000000000001111111
0000000000000000000000000000 1111111111111111111111111111 0000000000000000000000000000 0000000000000001111100000000 1111000000000000011100001111 0000000000001111000000000000 0000000000000000000011111110 0000000000000000000011111110
0000000000000000000000000000 1111111111111111111111111111 0000000000000000000000000000 0000000000000011111000000000 1111000000000000111000001111 0000000000001111000000000000 0000000000000000000111111100 0000000000000000000111111100
0000000000000000000000000000 1111111111111111111111111111 0000000000000000000000000000 0000000000000011111000000000 1111000000000001111000001111 0000000000001111000000000000 0000000000000000001111111000 0000000000000000001111111000
0000000000000000000000000000 0000001111000000001111000000 0000000000000000000000000000 0000000000000111110000000000 1111000000000001110000001111 0000000000001111000000000000 0000000000000000011111110000 0000000000000000011111110000
0000000000000000000000000000 0000001111000000001111000000 0000000000000000000000000000 0000000000000111110000000000 1111000000000011100000001111 0000000000001111000000000000 0000000000000000111111100000 0000000000000000111111100000
0000000000000000000000000000 0000001111000000001111000000 0011111111111111111111111100 0000000000001111100000000000 1111000000000111100000001111 0000000000001111000000000000 0000000000000001111111000000 0000000000000000111111000000
0000000000000000000000000000 0000001111000000001111000000 0011111111111111111111111100 0000000000001111100000000000 1111000000000111000000001111 0000000000001111000000000000 0000000000000011111110000000 0000000000000000111111000000
0000000000000000000000000000 0000001111000000001111000000 0011111111111111111111111100 0000000000011111000000000000 1111000000001110000000001111 0000000000001111000000000000 0000000000000111111100000000 0000000000000000111111000000
0000000000000000000000000000 0000001111000000001111000000 0011111111111111111111111100 0000000000011111000000000000 1111000000011110000000001111 0000000000001111000000000000 0000000000001111111000000000 0000000000000000111111000000
0000000000000000000000000000 0000001111000000001111000000 0000000000000000000000000000 0000000000111110000000000000 1111000000011100000000001111 0000000000001111000000000000 0000000000011111110000000000 0000000000000000111111100000
0000000000000000000000000000 0000001111000000001111000000 0000000000000000000000000000 0000000000111110000000000000 1111000000111000000000001111 0000000000001111000000000000 0000000000111111100000000000 0000000000000000011111110000
0000000000000000000000000000 1111111111111111111111111111 0000000000000000000000000000 0000000001111100000000000000 1111000001111000000000001111 0000000000001111000000000000 0000000001111111000000000000 0000000000000000001111111000
0000000000000000000000000000 1111111111111111111111111111 0000000000000000000000000000 0000000001111100000000000000 1111000001110000000000001111 0000000000001111000000000000 0000000011111110000000000000 0000000000000000000111111100
0000000000000000000000000000 1111111111111111111111111111 0000000000000000000000000000 0000000011111000000000000000 1111000011100000000000001111 0000000000001111000000000000 0000000111111100000000000000 0000000000000000000011111110
0000000000000000000000000000 1111111111111111111111111111 0000000000000000000000000000 0000000011111000000000000000 1111000111100000000000001111 0000000000001111000000000000 0000001111111000000000000000 0000000000000000000001111111
0000000000000000000000000000 0000001111000000001111000000 0000000000000000000000000000 0000000111110000000000000000 1111000111000000000000001111 0000000000001111000000000000 0000011111110000000000000000 0000000000000000000000111111
0000000000000000000000000000 0000001111000000001111000000 0000000000000000000000000000 0000000111110000000000000000 1111001110000000000000001111 0000000000001111000000000000 0000111111100000000000000000 0000000000000000000000011111
0000000000000000000000000000 0000001111000000001111000000 0000000000000000000000000000 0000001111100000000000000000 1111011110000000000000001111 0000000000001111000000000000 0001111111000000000000000000 0000000000000000000000001111
0000000000000000000000000000 0000001111000000001111000000 0000000000000000000000000000 0000001111100000000000000000 1111011100000000000000001111 0000000000001111000000000000 0011111110000000000000000000 0000000000000000000000001111
0000000000000000000000000000 0000001111000000001111000000 0000000000000000000000000000 0000011111000000000000000000 1111111000000000000000001111 0000000000001111000000000000 0111111100000000000000000000 0000000000000000000000001111
0000000000000000000000000000 0000001111000000001111000000 0000000000000000000000000000 0000011111000000000000000000 1111111000000000000000001111 0000000000001111000000000000 1111111000000000000000000000 0000000000000000000000001111
0000000000000000000000000000 0000001111000000001111000000 0000000000000000000000000000 0000111110000000000000000000 1111110000000000000000001111 0000000000001111000000000000 1111110000000000000000000000 0000000000000000000000001111
0000000000000000000000000000 0000001111000000001111000000 0000000000000000000000000000 0000111110000000000000000000 1111110000000000000000001111 0000000000001111000000000000 1111100000000000000000000000 0000000000000000000000001111
0000000000000000000000000000 0000001111000000001111000000 0000000000000000000000000000 0001111100000000000000000000 1111100000000000000000001111 0000000000001111000000000000 1111000000000000000000000000 0000000000000000000000001111
0000000000000000000000000000 0000001111000000001111000000 0000000000000000000000000000 0001111100000000000000000000 1111000000000000000000001111 0000000000001111000000000000 1111000000000000000000000000 0000000000000000000000001111
0000000000000000000000000000 0000001111000000001111000000 0000000000000000000000000000 0011111000000000000000000000 1111000000000000000000001111 0000000000001111000000000000 1111000000000000000000000000 1111000000000000000000001111
0000000000000000000000000000 0000001111000000001111000000 0000000000000000000000000000 0011111000000000000000000000 1111100000000000000000011111 0000000000001111000000000000 1111000000000000000000000000 1111100000000000000000011111
0000000000000000000000000000 0000001111000000001111000000 0000000000000000000000000000 0111110000000000000000000000 1111110000000000000000111111 0000000000001111000000000000 1111000000000000000000000000 1111110000000000000000111111
0000000000000000000000000000 0000001111000000001111000000 0000000000000000000000000000 0111110000000000000000000000 1111111000000000000001111111 0000000000001111000000000000 1111000000000000000000000000 1111111000000000000001111111
0000000000000000000000000000 0000001111000000001111000000 0000000000000000000000000000 1111100000000000000000000000 0111111100000000000011111110 0000000000001111000000000000 1111000000000000000000000000 0111111100000000000011111110
0000000000000000000000000000 0000001111000000001111000000 0000000000000000000000000000 1111100000000000000000000000 0011111110000000000111111100 0000000000001111000000000000 1111000000000000000000000000 0011111110000000000111111100
0000000000000000000000000000 0000001111000000001111000000 0000000000000000000000000000 1111000000000000000000000000 0001111111000000001111111000 0000000000001111000000000000 1111000000000000000000000000 0001111111000000001111111000
0000000000000000000000000000 0000001111000000001111000000 0000000000000000000000000000 1111000000000000000000000000 0000111111100000011111110000 0000000000001111000000000000 1111000000000000000000000000 0000111111100000011111110000
0000000000000000000000000000 0000000000000000000000000000 0000000000000000000000000000 1110000000000000000000000000 0000011111111111111111100000 1111111111111111111111111111 1111111111111111111111111111 0000011111111111111111100000
0000000000000000000000000000 0000000000000000000000000000 0000000000000000000000000000 1110000000000000000000000000 0000001111111111111111000000 1111111111111111111111111111 1111111111111111111111111111 0000001111111111111111000000
0000000000000000000000000000 0000000000000000000000000000 0000000000000000000000000000 1100000000000000000000000000 0000000111111111111110000000 1111111111111111111111111111 1111111111111111111111111111 0000000111111111111110000000
0000000000000000000000000000 0000000000000000000000000000 0000000000000000000000000000 1100000000000000000000000000 0000000011111111111100000000 1111111111111111111111111111 1111111111111111111111111111 0000000011111111111100000000
0000000000000000000000000000 0000000000000000000000000000 0000000000000000000000000000 0000000000000000000000000000 0000000000000000000000000000 0000000000000000000000000000 0000000000000000000000000000 0000000000000000000000000000
0000000000000000000000000000 0000000000000000000000000000 0000000000000000000000000000 0000000000000000000000000000 0000000000000000000000000000 0000000000000000000000000000 0000000000000000000000000000 0000000000000000000000000000
0000000000000000000000000000 0000000000000000000000000000 0000000000000000000000000000 0000000000000000000000000000 0000000000000000000000000000 0000000000000000000000000000 0000000000000000000000000000 0000000000000000000000000000
0000000000000000000000000000 0000000000000000000000000000 0000000000000000000000000000 0000000000000000000000000000 0000000000000000000000000000 0000000000000000000000000000 0000000000000000000000000000 0000000000000000000000000000
                                                                                                                   
0000000000000000000001111000 1111111111111111111111111111 0000000011111111111100000000 1111111111111111111111111111 0000000011111111111100000000 0000000011111111111100000000 0000000000000000000000000000 0000000011111111111100000000
0000000000000000000011111000 1111111111111111111111111111 0000000111111111111110000000 1111111111111111111111111111 0000000111111111111110000000 0000000111111111111110000000 0000000000000000000000000000 0000000111111111111110000000
0000000000000000000111111000 1111111111111111111111111111 0000001111111111111111000000 1111111111111111111111111111 0000001111111111111111000000 0000001111111111111111000000 0000000000000000000000000000 0000001111111111111111000000
0000000000000000001111111000 1111111111111111111111111111 0000011111111111111111100000 1111111111111111111111111111 0000011111111111111111100000 0000011111111111111111100000 0000000000000000000000000000 0000011111111111111111100000
0000000000000000011111111000 1111000000000000000000000000 0000111111100000011111110000 0000000000000000000000001111 0000111111100000011111110000 0000111111100000011111110000 0000000000000000000000000000 0000111111100000011111110000
0000000000000000111111111000 1111000000000000000000000000 0001111111000000001111111000 0000000000000000000000001111 0001111111000000001111111000 0001111111000000001111111000 0000000000000000000000000000 0001111111000000001111111000
0000000000000001111111111000 1111000000000000000000000000 0011111110000000000111111100 0000000000000000000000011111 0011111110000000000111111100 0011111110000000000111111100 0000000000000000000000000000 0011111110000000000111111100
0000000000000011111111111000 1111000000000000000000000000 0111111100000000000011111110 0000000000000000000000011111 0111111100000000000011111110 0111111100000000000011111110 0000000000000000000000000000 0111111100000000000011111110
0000000000000111111101111000 1111000000000000000000000000 1111111000000000000001111111 0000000000000000000000111110 1111111000000000000001111111 1111111000000000000001111111 0000000000000000000000000000 1111111000000000000001111111
0000000000001111111001111000 1111000000000000000000000000 1111110000000000000000111111 0000000000000000000000111110 1111110000000000000000111111 1111110000000000000000111111 0000000000000000000000000000 1111110000000000000000111111
0000000000011111110001111000 1111000000000000000000000000 1111100000000000000000011111 0000000000000000000001111100 1111100000000000000000011111 1111100000000000000000011111 0000000000000000000000000000 1111100000000000000000011111
0000000000111111100001111000 1111000000000000000000000000 1111000000000000000000001111 0000000000000000000001111100 1111000000000000000000001111 1111000000000000000000001111 0000000000000000000000000000 1111000000000000000000001111
0000000001111111000001111000 1111000000000000000000000000 1111000000000000000000000000 0000000000000000000011111000 1111000000000000000000001111 1111000000000000000000001111 0000000000000000000000000000 1111000000000000000000001111
0000000011111110000001111000 1111000000000000000000000000 1111000000000000000000000000 0000000000000000000011111000 1111000000000000000000001111 1111000000000000000000001111 0000000000000000000000000000 1111000000000000000000001111
0000000111111100000001111000 1111000000000000000000000000 1111000000000000000000000000 0000000000000000000111110000 1111000000000000000000001111 1111000000000000000000001111 0000000000000000000000000000 1111000000000000000000001111
0000001111111000000001111000 1111000000000000000000000000 1111000000000000000000000000 0000000000000000000111110000 1111000000000000000000001111 1111000000000000000000001111 0000000000000000000000000000 1111000000000000000000001111
0000011111110000000001111000 1111000000000000000000000000 1111000000000000000000000000 0000000000000000001111100000 1111000000000000000000001111 1111000000000000000000001111 0000000000000000000000000000 1111000000000000000000001111
0000111111100000000001111000 1111000000000000000000000000 1111000000000000000000000000 0000000000000000001111100000 1111000000000000000000001111 1111000000000000000000001111 0000000000000000000000000000 1111000000000000000000001111
0001111111000000000001111000 1111111111111111000000000000 1111000000000000000000000000 0000000000000000011111000000 1111000000000000000000001111 1111000000000000000000001111 0000000000001111000000000000 1111000000000000000000001111
0011111110000000000001111000 1111111111111111100000000000 1111000000000000000000000000 0000000000000000011111000000 1111000000000000000000001111 1111000000000000000000001111 0000000000011111100000000000 1111000000000000000000001111
0111111100000000000001111000 1111111111111111110000000000 1111000000000000000000000000 0000000000000000111110000000 1111100000000000000000011111 1111100000000000000000001111 0000000000111111110000000000 1111000000000000000000001111
1111111000000000000001111000 1111111111111111111000000000 1111000000000000000000000000 0000000000000000111110000000 1111110000000000000000111111 1111110000000000000000001111 0000000000111111110000000000 1111000000000000000000001111
1111110000000000000001111000 0000000000000111111100000000 1111000000000000000000000000 0000000000000001111100000000 1111111000000000000001111111 1111111000000000000000001111 0000000000111111110000000000 1111000000000000000000001111
1111100000000000000001111000 0000000000000011111110000000 1111000000000000000000000000 0000000000000001111100000000 0111111100000000000011111110 0111111100000000000000001111 0000000000111111110000000000 1111000000000000000000001111
1111000000000000000001111000 0000000000000001111111000000 1111000000000000000000000000 0000000000000011111000000000 0011111110000000000111111100 0011111110000000000000001111 0000000000011111100000000000 1111000000000000000000001111
1111000000000000000001111000 0000000000000000111111100000 1111000000000000000000000000 0000000000000011111000000000 0001111111000000001111111000 0001111111000000000000001111 0000000000001111000000000000 1111000000000000000000001111
1111000000000000000001111000 0000000000000000011111110000 1111000000000000000000000000 0000000000000111110000000000 0000111111100000011111110000 0000111111100000000000001111 0000000000000000000000000000 1111000000000000000000001111
1111000000000000000001111000 0000000000000000001111111000 1111000000000000000000000000 0000000000000111110000000000 0000011111110000111111100000 0000011111110000000000001111 0000000000000000000000000000 1111000000000000000000001111
1111111111111111111111111111 0000000000000000000111111100 1111111111111111111000000000 0000000000001111100000000000 0000001111111111111111000000 0000001111111111111111111111 0000000000000000000000000000 1111111111111111111111111111
1111111111111111111111111111 0000000000000000000011111110 1111111111111111111100000000 0000000000001111100000000000 0000001111111111111111000000 0000000111111111111111111111 0000000000000000000000000000 1111111111111111111111111111
1111111111111111111111111111 0000000000000000000001111111 1111111111111111111110000000 0000000000011111000000000000 0000001111111111111111000000 0000000011111111111111111111 0000000000000000000000000000 1111111111111111111111111111
1111111111111111111111111111 0000000000000000000000111111 1111111111111111111111000000 0000000000011111000000000000 0000001111111111111111000000 0000000001111111111111111111 0000000000000000000000000000 1111111111111111111111111111
0000000000000000000001111000 0000000000000000000000011111 1111000000000000111111100000 0000000000011111000000000000 0000011111110000111111100000 0000000000000000000000001111 0000000000000000000000000000 1111000000000000000000001111
0000000000000000000001111000 0000000000000000000000001111 1111000000000000011111110000 0000000000011111000000000000 0000111111100000011111110000 0000000000000000000000001111 0000000000000000000000000000 1111000000000000000000001111
0000000000000000000001111000 0000000000000000000000001111 1111000000000000001111111000 0000000000011111000000000000 0001111111000000001111111000 0000000000000000000000001111 0000000000001111000000000000 1111000000000000000000001111
0000000000000000000001111000 0000000000000000000000001111 1111000000000000000111111100 0000000000011111000000000000 0011111110000000000111111100 0000000000000000000000001111 0000000000011111100000000000 1111000000000000000000001111
0000000000000000000001111000 0000000000000000000000001111 1111000000000000000011111110 0000000000011111000000000000 0111111100000000000011111110 0000000000000000000000001111 0000000000111111110000000000 1111000000000000000000001111
0000000000000000000001111000 0000000000000000000000001111 1111000000000000000001111111 0000000000011111000000000000 1111111000000000000001111111 0000000000000000000000001111 0000000000111111110000000000 1111000000000000000000001111
0000000000000000000001111000 0000000000000000000000001111 1111000000000000000000111111 0000000000011111000000000000 1111110000000000000000111111 0000000000000000000000001111 0000000000111111110000000000 1111000000000000000000001111
0000000000000000000001111000 0000000000000000000000001111 1111000000000000000000011111 0000000000011111000000000000 1111100000000000000000011111 0000000000000000000000001111 0000000000111111110000000000 1111000000000000000000001111
0000000000000000000001111000 0000000000000000000000001111 1111000000000000000000001111 0000000000011111000000000000 1111000000000000000000001111 0000000000000000000000001111 0000000000011111100000000000 1111000000000000000000001111
0000000000000000000001111000 0000000000000000000000001111 1111000000000000000000001111 0000000000011111000000000000 1111000000000000000000001111 0000000000000000000000001111 0000000000001111000000000000 1111000000000000000000001111
0000000000000000000001111000 0000000000000000000000001111 1111000000000000000000001111 0000000000011111000000000000 1111000000000000000000001111 0000000000000000000000001111 0000000000000000000000000000 1111000000000000000000001111
0000000000000000000001111000 0000000000000000000000001111 1111000000000000000000001111 0000000000011111000000000000 1111000000000000000000001111 0000000000000000000000001111 0000000000000000000000000000 1111000000000000000000001111
0000000000000000000001111000 0000000000000000000000001111 1111000000000000000000001111 0000000000011111000000000000 1111000000000000000000001111 0000000000000000000000001111 0000000000000000000000000000 1111000000000000000000001111
0000000000000000000001111000 0000000000000000000000001111 1111000000000000000000001111 0000000000011111000000000000 1111000000000000000000001111 0000000000000000000000001111 0000000000000000000000000000 1111000000000000000000001111
0000000000000000000001111000 0000000000000000000000001111 1111000000000000000000001111 0000000000011111000000000000 1111000000000000000000001111 0000000000000000000000001111 0000000000000000000000000000 1111000000000000000000001111
0000000000000000000001111000 0000000000000000000000001111 1111000000000000000000001111 0000000000011111000000000000 1111000000000000000000001111 0000000000000000000000001111 0000000000000000000000000000 1111000000000000000000001111
0000000000000000000001111000 1111000000000000000000001111 1111000000000000000000001111 0000000000011111000000000000 1111000000000000000000001111 1111000000000000000000001111 0000000000000000000000000000 1111000000000000000000001111
0000000000000000000001111000 1111100000000000000000011111 1111100000000000000000011111 0000000000011111000000000000 1111100000000000000000011111 1111100000000000000000011111 0000000000000000000000000000 1111000000000000000000001111
0000000000000000000001111000 1111110000000000000000111111 1111110000000000000000111111 0000000000011111000000000000 1111110000000000000000111111 1111110000000000000000111111 0000000000000000000000000000 1111000000000000000000001111
0000000000000000000001111000 1111111000000000000001111111 1111111000000000000001111111 0000000000011111000000000000 1111111000000000000001111111 1111111000000000000001111111 0000000000000000000000000000 1111000000000000000000001111
0000000000000000000001111000 0111111100000000000011111110 0111111100000000000011111110 0000000000011111000000000000 0111111100000000000011111110 0111111100000000000011111110 0000000000000000000000000000 1111000000000000000000001111
0000000000000000000001111000 0011111110000000000111111100 0011111110000000000111111100 0000000000011111000000000000 0011111110000000000111111100 0011111110000000000111111100 0000000000000000000000000000 1111000000000000000000001111
0000000000000000000001111000 0001111111000000001111111000 0001111111000000001111111000 0000000000011111000000000000 0001111111000000001111111000 0001111111000000001111111000 0000000000000000000000000000 1111000000000000000000001111
0000000000000000000001111000 0000111111100000011111110000 0000111111100000011111110000 0000000000011111000000000000 0000111111100000011111110000 0000111111100000011111110000 0000000000000000000000000000 1111000000000000000000001111
0000000000000000000001111000 0000011111111111111111100000 0000011111111111111111100000 0000000000011111000000000000 0000011111111111111111100000 0000011111111111111111100000 0000000000000000000000000000 1111000000000000000000001111
0000000000000000000001111000 0000001111111111111111000000 0000001111111111111111000000 0000000000011111000000000000 0000001111111111111111000000 0000001111111111111111000000 0000000000000000000000000000 1111000000000000000000001111
0000000000000000000001111000 0000000111111111111110000000 0000000111111111111110000000 0000000000011111000000000000 0000000111111111111110000000 0000000111111111111110000000 0000000000000000000000000000 1111000000000000000000001111
0000000000000000000001111000 0000000011111111111100000000 0000000011111111111100000000 0000000000011111000000000000 0000000011111111111100000000 0000000011111111111100000000 0000000000000000000000000000 1111000000000000000000001111
0000000000000000000000000000 0000000000000000000000000000 0000000000000000000000000000 0000000000000000000000000000 0000000000000000000000000000 0000000000000000000000000000 0000000000000000000000000000 0000000000000000000000000000
0000000000000000000000000000 0000000000000000000000000000 0000000000000000000000000000 0000000000000000000000000000 0000000000000000000000000000 0000000000000000000000000000 0000000000000000000000000000 0000000000000000000000000000
0000000000000000000000000000 0000000000000000000000000000 0000000000000000000000000000 0000000000000000000000000000 0000000000000000000000000000 0000000000000000000000000000 0000000000000000000000000000 0000000000000000000000000000
0000000000000000000000000000 0000000000000000000000000000 0000000000000000000000000000 0000000000000000000000000000 0000000000000000000000000000 0000000000000000000000000000 0000000000000000000000000000 0000000000000000000000000000
                                                                                                                   
1111111111111111111100000000 0000000011111111111100000000 1111111111111111111100000000 1111111111111111111111111111 1111111111111111111111111111 0000000011111111111100000000 1111000000000000000000001111 1111111111111111111111111111
1111111111111111111110000000 0000000111111111111110000000 1111111111111111111110000000 1111111111111111111111111111 1111111111111111111111111111 0000000111111111111110000000 1111000000000000000000001111 1111111111111111111111111111
1111111111111111111111000000 0000001111111111111111000000 1111111111111111111111000000 1111111111111111111111111111 1111111111111111111111111111 0000001111111111111111000000 1111000000000000000000001111 1111111111111111111111111111
1111111111111111111111100000 0000011111111111111111100000 1111111111111111111111100000 1111111111111111111111111111 1111111111111111111111111111 0000011111111111111111100000 1111000000000000000000001111 1111111111111111111111111111
1111000000000000011111110000 0000111111100000011111110000 1111000000000000011111110000 1111000000000000000000000000 1111000000000000000000000000 0000111111100000011111110000 1111000000000000000000001111 0000000000001111000000000000
1111000000000000001111111000 0001111111000000001111111000 1111000000000000001111111000 1111000000000000000000000000 1111000000000000000000000000 0001111111000000001111111000 1111000000000000000000001111 0000000000001111000000000000
1111000000000000000111111100 0011111110000000000111111100 1111000000000000000111111100 1111000000000000000000000000 1111000000000000000000000000 0011111110000000000111111100 1111000000000000000000001111 0000000000001111000000000000
1111000000000000000011111110 0111111100000000000011111110 1111000000000000000011111110 1111000000000000000000000000 1111000000000000000000000000 0111111100000000000011111110 1111000000000000000000001111 0000000000001111000000000000
1111000000000000000001111111 1111111000000000000001111111 1111000000000000000001111111 1111000000000000000000000000 1111000000000000000000000000 1111111000000000000001111111 1111000000000000000000001111 0000000000001111000000000000
1111000000000000000000111111 1111110000000000000000111111 1111000000000000000000111111 1111000000000000000000000000 1111000000000000000000000000 1111110000000000000000111111 1111000000000000000000001111 0000000000001111000000000000
1111000000000000000000011111 1111100000000000000000011111 1111000000000000000000011111 1111000000000000000000000000 1111000000000000000000000000 1111100000000000000000011111 1111000000000000000000001111 0000000000001111000000000000
1111000000000000000000001111 1111000000000000000000001111 1111000000000000000000001111 1111000000000000000000000000 1111000000000000000000000000 1111000000000000000000001111 1111000000000000000000001111 0000000000001111000000000000
1111000000000000000000001111 1111000000000000000000000000 1111000000000000000000001111 1111000000000000000000000000 1111000000000000000000000000 1111000000000000000000000000 1111000000000000000000001111 0000000000001111000000000000
1111000000000000000000001111 1111000000000000000000000000 1111000000000000000000001111 1111000000000000000000000000 1111000000000000000000000000 1111000000000000000000000000 1111000000000000000000001111 0000000000001111000000000000
1111000000000000000000001111 1111000000000000000000000000 1111000000000000000000001111 1111000000000000000000000000 1111000000000000000000000000 1111000000000000000000000000 1111000000000000000000001111 0000000000001111000000000000
1111000000000000000000001111 1111000000000000000000000000 1111000000000000000000001111 1111000000000000000000000000 1111000000000000000000000000 1111000000000000000000000000 1111000000000000000000001111 0000000000001111000000000000
1111000000000000000000001111 1111000000000000000000000000 1111000000000000000000001111 1111000000000000000000000000 1111000000000000000000000000 1111000000000000000000000000 1111000000000000000000001111 0000000000001111000000000000
1111000000000000000000001111 1111000000000000000000000000 1111000000000000000000001111 1111000000000000000000000000 1111000000000000000000000000 1111000000000000000000000000 1111000000000000000000001111 0000000000001111000000000000
1111000000000000000000001111 1111000000000000000000000000 1111000000000000000000001111 1111000000000000000000000000 1111000000000000000000000000 1111000000000000000000000000 1111000000000000000000001111 0000000000001111000000000000
1111000000000000000000001111 1111000000000000000000000000 1111000000000000000000001111 1111000000000000000000000000 1111000000000000000000000000 1111000000000000000000000000 1111000000000000000000001111 0000000000001111000000000000
1111000000000000000000011111 1111000000000000000000000000 1111000000000000000000001111 1111000000000000000000000000 1111000000000000000000000000 1111000000000000000000000000 1111000000000000000000001111 0000000000001111000000000000
1111000000000000000000111111 1111000000000000000000000000 1111000000000000000000001111 1111000000000000000000000000 1111000000000000000000000000 1111000000000000000000000000 1111000000000000000000001111 0000000000001111000000000000
1111000000000000000001111111 1111000000000000000000000000 1111000000000000000000001111 1111000000000000000000000000 1111000000000000000000000000 1111000000000000000000000000 1111000000000000000000001111 0000000000001111000000000000
1111000000000000000011111110 1111000000000000000000000000 1111000000000000000000001111 1111000000000000000000000000 1111000000000000000000000000 1111000000000000000000000000 1111000000000000000000001111 0000000000001111000000000000
1111000000000000000111111100 1111000000000000000000000000 1111000000000000000000001111 1111000000000000000000000000 1111000000000000000000000000 1111000000000000000000000000 1111000000000000000000001111 0000000000001111000000000000
1111000000000000001111111000 1111000000000000000000000000 1111000000000000000000001111 1111000000000000000000000000 1111000000000000000000000000 1111000000000000000000000000 1111000000000000000000001111 0000000000001111000000000000
1111000000000000011111110000 1111000000000000000000000000 1111000000000000000000001111 1111000000000000000000000000 1111000000000000000000000000 1111000000000000000000000000 1111000000000000000000001111 0000000000001111000000000000
1111000000000000111111100000 1111000000000000000000000000 1111000000000000000000001111 1111000000000000000000000000 1111000000000000000000000000 1111000000000000000000000000 1111000000000000000000001111 0000000000001111000000000000
1111111111111111111111000000 1111000000000000000000000000 1111000000000000000000001111 1111111111111111100000000000 1111111111111111100000000000 1111000000001111111111111111 1111111111111111111111111111 0000000000001111000000000000
1111111111111111111111000000 1111000000000000000000000000 1111000000000000000000001111 1111111111111111100000000000 1111111111111111100000000000 1111000000001111111111111111 1111111111111111111111111111 0000000000001111000000000000
1111111111111111111111000000 1111000000000000000000000000 1111000000000000000000001111 1111111111111111100000000000 1111111111111111100000000000 1111000000001111111111111111 1111111111111111111111111111 0000000000001111000000000000
1111111111111111111111000000 1111000000000000000000000000 1111000000000000000000001111 1111111111111111100000000000 1111111111111111100000000000 1111000000001111111111111111 1111111111111111111111111111 0000000000001111000000000000
1111000000000000111111100000 1111000000000000000000000000 1111000000000000000000001111 1111000000000000000000000000 1111000000000000000000000000 1111000000000000000000001111 1111000000000000000000001111 0000000000001111000000000000
1111000000000000011111110000 1111000000000000000000000000 1111000000000000000000001111 1111000000000000000000000000 1111000000000000000000000000 1111000000000000000000001111 1111000000000000000000001111 0000000000001111000000000000
1111000000000000001111111000 1111000000000000000000000000 1111000000000000000000001111 1111000000000000000000000000 1111000000000000000000000000 1111000000000000000000001111 1111000000000000000000001111 0000000000001111000000000000
1111000000000000000111111100 1111000000000000000000000000 1111000000000000000000001111 1111000000000000000000000000 1111000000000000000000000000 1111000000000000000000001111 1111000000000000000000001111 0000000000001111000000000000
1111000000000000000011111110 1111000000000000000000000000 1111000000000000000000001111 1111000000000000000000000000 1111000000000000000000000000 1111000000000000000000001111 1111000000000000000000001111 0000000000001111000000000000
1111000000000000000001111111 1111000000000000000000000000 1111000000000000000000001111 1111000000000000000000000000 1111000000000000000000000000 1111000000000000000000001111 1111000000000000000000001111 0000000000001111000000000000
1111000000000000000000111111 1111000000000000000000000000 1111000000000000000000001111 1111000000000000000000000000 1111000000000000000000000000 1111000000000000000000001111 1111000000000000000000001111 0000000000001111000000000000
1111000000000000000000011111 1111000000000000000000000000 1111000000000000000000001111 1111000000000000000000000000 1111000000000000000000000000 1111000000000000000000001111 1111000000000000000000001111 0000000000001111000000000000
1111000000000000000000001111 1111000000000000000000000000 1111000000000000000000001111 1111000000000000000000000000 1111000000000000000000000000 1111000000000000000000001111 1111000000000000000000001111 0000000000001111000000000000
1111000000000000000000001111 1111000000000000000000000000 1111000000000000000000001111 1111000000000000000000000000 1111000000000000000000000000 1111000000000000000000001111 1111000000000000000000001111 0000000000001111000000000000
1111000000000000000000001111 1111000000000000000000000000 1111000000000000000000001111 1111000000000000000000000000 1111000000000000000000000000 1111000000000000000000001111 1111000000000000000000001111 0000000000001111000000000000
1111000000000000000000001111 1111000000000000000000000000 1111000000000000000000001111 1111000000000000000000000000 1111000000000000000000000000 1111000000000000000000001111 1111000000000000000000001111 0000000000001111000000000000
1111000000000000000000001111 1111000000000000000000000000 1111000000000000000000001111 1111000000000000000000000000 1111000000000000000000000000 1111000000000000000000001111 1111000000000000000000001111 0000000000001111000000000000
1111000000000000000000001111 1111000000000000000000000000 1111000000000000000000001111 1111000000000000000000000000 1111000000000000000000000000 1111000000000000000000001111 1111000000000000000000001111 0000000000001111000000000000
1111000000000000000000001111 1111000000000000000000000000 1111000000000000000000001111 1111000000000000000000000000 1111000000000000000000000000 1111000000000000000000001111 1111000000000000000000001111 0000000000001111000000000000
1111000000000000000000001111 1111000000000000000000000000 1111000000000000000000001111 1111000000000000000000000000 1111000000000000000000000000 1111000000000000000000001111 1111000000000000000000001111 0000000000001111000000000000
1111000000000000000000001111 1111000000000000000000001111 1111000000000000000000001111 1111000000000000000000000000 1111000000000000000000000000 1111000000000000000000001111 1111000000000000000000001111 0000000000001111000000000000
1111000000000000000000011111 1111100000000000000000011111 1111000000000000000000011111 1111000000000000000000000000 1111000000000000000000000000 1111100000000000000000011111 1111000000000000000000001111 0000000000001111000000000000
1111000000000000000000111111 1111110000000000000000111111 1111000000000000000000111111 1111000000000000000000000000 1111000000000000000000000000 1111110000000000000000111111 1111000000000000000000001111 0000000000001111000000000000
1111000000000000000001111111 1111111000000000000001111111 1111000000000000000001111111 1111000000000000000000000000 1111000000000000000000000000 1111111000000000000001111111 1111000000000000000000001111 0000000000001111000000000000
1111000000000000000011111110 0111111100000000000011111110 1111000000000000000011111110 1111000000000000000000000000 1111000000000000000000000000 0111111100000000000011111110 1111000000000000000000001111 0000000000001111000000000000
1111000000000000000111111100 0011111110000000000111111100 1111000000000000000111111100 1111000000000000000000000000 1111000000000000000000000000 0011111110000000000111111100 1111000000000000000000001111 0000000000001111000000000000
1111000000000000001111111000 0001111111000000001111111000 1111000000000000001111111000 1111000000000000000000000000 1111000000000000000000000000 0001111111000000001111111000 1111000000000000000000001111 0000000000001111000000000000
1111000000000000011111110000 0000111111100000011111110000 1111000000000000011111110000 1111000000000000000000000000 1111000000000000000000000000 0000111111100000011111110000 1111000000000000000000001111 0000000000001111000000000000
1111111111111111111111100000 0000011111111111111111100000 1111111111111111111111100000 1111111111111111111111111111 1111000000000000000000000000 0000011111111111111111100000 1111000000000000000000001111 1111111111111111111111111111
1111111111111111111111000000 0000001111111111111111000000 1111111111111111111111000000 1111111111111111111111111111 1111000000000000000000000000 0000001111111111111111000000 1111000000000000000000001111 1111111111111111111111111111
1111111111111111111110000000 0000000111111111111110000000 1111111111111111111110000000 1111111111111111111111111111 1111000000000000000000000000 0000000111111111111110000000 1111000000000000000000001111 1111111111111111111111111111
1111111111111111111100000000 0000000011111111111100000000 1111111111111111111100000000 1111111111111111111111111111 1111000000000000000000000000 0000000011111111111100000000 1111000000000000000000001111 1111111111111111111111111111
0000000000000000000000000000 0000000000000000000000000000 0000000000000000000000000000 0000000000000000000000000000 0000000000000000000000000000 0000000000000000000000000000 0000000000000000000000000000 0000000000000000000000000000
0000000000000000000000000000 0000000000000000000000000000 0000000000000000000000000000 0000000000000000000000000000 0000000000000000000000000000 0000000000000000000000000000 0000000000000000000000000000 0000000000000000000000000000
0000000000000000000000000000 0000000000000000000000000000 0000000000000000000000000000 0000000000000000000000000000 0000000000000000000000000000 0000000000000000000000000000 0000000000000000000000000000 0000000000000000000000000000
0000000000000000000000000000 0000000000000000000000000000 0000000000000000000000000000 0000000000000000000000000000 0000000000000000000000000000 0000000000000000000000000000 0000000000000000000000000000 0000000000000000000000000000
                                                                                                                   
0000000000000000000000001111 1111000000000000000000001111 1111000000000000000000000000 1111000000000000000000001111 1111110000000000000000001111 0000000011111111111100000000 1111111111111111111100000000 0000000011111111111100000000
0000000000000000000000001111 1111000000000000000000011111 1111000000000000000000000000 1111000000000000000000001111 1111110000000000000000001111 0000000111111111111110000000 1111111111111111111110000000 0000000111111111111110000000
0000000000000000000000001111 1111000000000000000000011111 1111000000000000000000000000 1111100000000000000000011111 1111110000000000000000001111 0000001111111111111111000000 1111111111111111111111000000 0000001111111111111111000000
0000000000000000000000001111 1111000000000000000000111111 1111000000000000000000000000 1111100000000000000000011111 1111111000000000000000001111 0000011111111111111111100000 1111111111111111111111100000 0000011111111111111111100000
0000000000000000000000001111 1111000000000000000001111110 1111000000000000000000000000 1111110000000000000000111111 1111111000000000000000001111 0000111111100000011111110000 1111000000000000011111110000 0000111111100000011111110000
0000000000000000000000001111 1111000000000000000001111100 1111000000000000000000000000 1111110000000000000000111111 1111111000000000000000001111 0001111111000000001111111000 1111000000000000001111111000 0001111111000000001111111000
0000000000000000000000001111 1111000000000000000011111100 1111000000000000000000000000 1111111000000000000001111111 1111111100000000000000001111 0011111110000000000111111100 1111000000000000000111111100 0011111110000000000111111100
0000000000000000000000001111 1111000000000000000011111000 1111000000000000000000000000 1111111000000000000001111111 1111111100000000000000001111 0111111100000000000011111110 1111000000000000000011111110 0111111100000000000011111110
0000000000000000000000001111 1111000000000000000111110000 1111000000000000000000000000 1111111100000000000011111111 1111111100000000000000001111 1111111000000000000001111111 1111000000000000000001111111 1111111000000000000001111111
0000000000000000000000001111 1111000000000000001111110000 1111000000000000000000000000 1111111100000000000011111111 1111111110000000000000001111 1111110000000000000000111111 1111000000000000000000111111 1111110000000000000000111111
0000000000000000000000001111 1111000000000000001111100000 1111000000000000000000000000 1111111110000000000111111111 1111011110000000000000001111 1111100000000000000000011111 1111000000000000000000011111 1111100000000000000000011111
0000000000000000000000001111 1111000000000000011111100000 1111000000000000000000000000 1111111110000000000111111111 1111011110000000000000001111 1111000000000000000000001111 1111000000000000000000001111 1111000000000000000000001111
0000000000000000000000001111 1111000000000000011111000000 1111000000000000000000000000 1111011111000000001111101111 1111011111000000000000001111 1111000000000000000000001111 1111000000000000000000001111 1111000000000000000000001111
0000000000000000000000001111 1111000000000000111110000000 1111000000000000000000000000 1111011111000000001111101111 1111001111000000000000001111 1111000000000000000000001111 1111000000000000000000001111 1111000000000000000000001111
0000000000000000000000001111 1111000000000001111110000000 1111000000000000000000000000 1111001111100000011111001111 1111001111000000000000001111 1111000000000000000000001111 1111000000000000000000001111 1111000000000000000000001111
0000000000000000000000001111 1111000000000001111100000000 1111000000000000000000000000 1111001111100000011111001111 1111001111100000000000001111 1111000000000000000000001111 1111000000000000000000001111 1111000000000000000000001111
0000000000000000000000001111 1111000000000011111100000000 1111000000000000000000000000 1111000111110000111110001111 1111000111100000000000001111 1111000000000000000000001111 1111000000000000000000001111 1111000000000000000000001111
0000000000000000000000001111 1111000000000011111000000000 1111000000000000000000000000 1111000111110000111110001111 1111000111100000000000001111 1111000000000000000000001111 1111000000000000000000001111 1111000000000000000000001111
0000000000000000000000001111 1111000000000111110000000000 1111000000000000000000000000 1111000011111001111100001111 1111000111110000000000001111 1111000000000000000000001111 1111000000000000000000001111 1111000000000000000000001111
0000000000000000000000001111 1111000000001111110000000000 1111000000000000000000000000 1111000011111001111100001111 1111000011110000000000001111 1111000000000000000000001111 1111000000000000000000001111 1111000000000000000000001111
0000000000000000000000001111 1111000000001111100000000000 1111000000000000000000000000 1111000001111111111000001111 1111000011110000000000001111 1111000000000000000000001111 1111000000000000000000011111 1111000000000000000000001111
0000000000000000000000001111 1111000000011111100000000000 1111000000000000000000000000 1111000001111111111000001111 1111000011111000000000001111 1111000000000000000000001111 1111000000000000000000111111 1111000000000000000000001111
0000000000000000000000001111 1111000000011111000000000000 1111000000000000000000000000 1111000000111111110000001111 1111000001111000000000001111 1111000000000000000000001111 1111000000000000000001111111 1111000000000000000000001111
0000000000000000000000001111 1111000000111110000000000000 1111000000000000000000000000 1111000000111111110000001111 1111000001111000000000001111 1111000000000000000000001111 1111000000000000000011111110 1111000000000000000000001111
0000000000000000000000001111 1111000001111110000000000000 1111000000000000000000000000 1111000000011111100000001111 1111000001111100000000001111 1111000000000000000000001111 1111000000000000000111111100 1111000000000000000000001111
0000000000000000000000001111 1111000001111100000000000000 1111000000000000000000000000 1111000000011111100000001111 1111000000111100000000001111 1111000000000000000000001111 1111000000000000001111111000 1111000000000000000000001111
0000000000000000000000001111 1111111111111100000000000000 1111000000000000000000000000 1111000000001111000000001111 1111000000111100000000001111 1111000000000000000000001111 1111000000000000011111110000 1111000000000000000000001111
0000000000000000000000001111 1111111111111000000000000000 1111000000000000000000000000 1111000000001111000000001111 1111000000111110000000001111 1111000000000000000000001111 1111000000000000111111100000 1111000000000000000000001111
0000000000000000000000001111 1111111111110000000000000000 1111000000000000000000000000 1111000000000000000000001111 1111000000011110000000001111 1111000000000000000000001111 1111111111111111111111000000 1111000000000000000000001111
0000000000000000000000001111 1111111111110000000000000000 1111000000000000000000000000 1111000000000000000000001111 1111000000011110000000001111 1111000000000000000000001111 1111111111111111111110000000 1111000000000000000000001111
0000000000000000000000001111 1111111111110000000000000000 1111000000000000000000000000 1111000000000000000000001111 1111000000011111000000001111 1111000000000000000000001111 1111111111111111111100000000 1111000000000000000000001111
0000000000000000000000001111 1111111111110000000000000000 1111000000000000000000000000 1111000000000000000000001111 1111000000001111000000001111 1111000000000000000000001111 1111111111111111111000000000 1111000000000000000000001111
0000000000000000000000001111 1111111111111000000000000000 1111000000000000000000000000 1111000000000000000000001111 1111000000001111000000001111 1111000000000000000000001111 1111000000000000000000000000 1111000000000000000000001111
0000000000000000000000001111 1111111111111100000000000000 1111000000000000000000000000 1111000000000000000000001111 1111000000001111100000001111 1111000000000000000000001111 1111000000000000000000000000 1111000000000000000000001111
0000000000000000000000001111 1111000001111100000000000000 1111000000000000000000000000 1111000000000000000000001111 1111000000000111100000001111 1111000000000000000000001111 1111000000000000000000000000 1111000000000000000000001111
0000000000000000000000001111 1111000001111110000000000000 1111000000000000000000000000 1111000000000000000000001111 1111000000000111100000001111 1111000000000000000000001111 1111000000000000000000000000 1111000000000000000000001111
0000000000000000000000001111 1111000000111110000000000000 1111000000000000000000000000 1111000000000000000000001111 1111000000000111110000001111 1111000000000000000000001111 1111000000000000000000000000 1111000000000000000000001111
0000000000000000000000001111 1111000000011111000000000000 1111000000000000000000000000 1111000000000000000000001111 1111000000000011110000001111 1111000000000000000000001111 1111000000000000000000000000 1111000000000000000000001111
0000000000000000000000001111 1111000000011111100000000000 1111000000000000000000000000 1111000000000000000000001111 1111000000000011110000001111 1111000000000000000000001111 1111000000000000000000000000 1111000000000000000000001111
0000000000000000000000001111 1111000000001111100000000000 1111000000000000000000000000 1111000000000000000000001111 1111000000000011111000001111 1111000000000000000000001111 1111000000000000000000000000 1111000000000000000000001111
0000000000000000000000001111 1111000000001111110000000000 1111000000000000000000000000 1111000000000000000000001111 1111000000000001111000001111 1111000000000000000000001111 1111000000000000000000000000 1111000000000000000000001111
0000000000000000000000001111 1111000000000111110000000000 1111000000000000000000000000 1111000000000000000000001111 1111000000000001111000001111 1111000000000000000000001111 1111000000000000000000000000 1111000000000000000000001111
0000000000000000000000001111 1111000000000011111000000000 1111000000000000000000000000 1111000000000000000000001111 1111000000000001111100001111 1111000000000000000000001111 1111000000000000000000000000 1111000000000000000000001111
0000000000000000000000001111 1111000000000011111100000000 1111000000000000000000000000 1111000000000000000000001111 1111000000000000111100001111 1111000000000000000000001111 1111000000000000000000000000 1111000000000000000000001111
0000000000000000000000001111 1111000000000001111100000000 1111000000000000000000000000 1111000000000000000000001111 1111000000000000111100001111 1111000000000000000000001111 1111000000000000000000000000 1111000000000000000000001111
0000000000000000000000001111 1111000000000001111110000000 1111000000000000000000000000 1111000000000000000000001111 1111000000000000111110001111 1111000000000000000000001111 1111000000000000000000000000 1111000000000000000000001111
0000000000000000000000001111 1111000000000000111110000000 1111000000000000000000000000 1111000000000000000000001111 1111000000000000011110001111 1111000000000000000000001111 1111000000000000000000000000 1111000000000000000000001111
0000000000000000000000001111 1111000000000000011111000000 1111000000000000000000000000 1111000000000000000000001111 1111000000000000011110001111 1111000000000000000000001111 1111000000000000000000000000 1111000000000001110000001111
1111000000000000000000001111 1111000000000000011111100000 1111000000000000000000000000 1111000000000000000000001111 1111000000000000011111001111 1111000000000000000000001111 1111000000000000000000000000 1111000000000001111000001111
1111100000000000000000011111 1111000000000000001111100000 1111000000000000000000000000 1111000000000000000000001111 1111000000000000001111001111 1111100000000000000000011111 1111000000000000000000000000 1111100000000001111100011111
1111110000000000000000111111 1111000000000000001111110000 1111000000000000000000000000 1111000000000000000000001111 1111000000000000001111001111 1111110000000000000000111111 1111000000000000000000000000 1111110000000000111110111111
1111111000000000000001111111 1111000000000000000111110000 1111000000000000000000000000 1111000000000000000000001111 1111000000000000001111101111 1111111000000000000001111111 1111000000000000000000000000 1111111000000000011111111111
0111111100000000000011111110 1111000000000000000011111000 1111000000000000000000000000 1111000000000000000000001111 1111000000000000000111101111 0111111100000000000011111110 1111000000000000000000000000 0111111100000000001111111110
0011111110000000000111111100 1111000000000000000011111100 1111000000000000000000000000 1111000000000000000000001111 1111000000000000000111101111 0011111110000000000111111100 1111000000000000000000000000 0011111110000000000111111100
0001111111000000001111111000 1111000000000000000001111100 1111000000000000000000000000 1111000000000000000000001111 1111000000000000000111111111 0001111111000000001111111000 1111000000000000000000000000 0001111111000000001111111000
0000111111100000011111110000 1111000000000000000001111110 1111000000000000000000000000 1111000000000000000000001111 1111000000000000000011111111 0000111111100000011111110000 1111000000000000000000000000 0000111111100000011111111100
0000011111111111111111100000 1111000000000000000000111111 1111111111111111111111111111 1111000000000000000000001111 1111000000000000000011111111 0000011111111111111111100000 1111000000000000000000000000 0000011111111111111111111110
0000001111111111111111000000 1111000000000000000000011111 1111111111111111111111111111 1111000000000000000000001111 1111000000000000000011111111 0000001111111111111111000000 1111000000000000000000000000 0000001111111111111111011111
0000000111111111111110000000 1111000000000000000000011111 1111111111111111111111111111 1111000000000000000000001111 1111000000000000000001111111 0000000111111111111110000000 1111000000000000000000000000 0000000111111111111110001111
0000000011111111111100000000 1111000000000000000000001111 1111111111111111111111111111 1111000000000000000000001111 1111000000000000000001111111 0000000011111111111100000000 1111000000000000000000000000 0000000011111111111100000111
0000000000000000000000000000 0000000000000000000000000000 0000000000000000000000000000 0000000000000000000000000000 0000000000000000000000000000 0000000000000000000000000000 0000000000000000000000000000 0000000000000000000000000000
0000000000000000000000000000 0000000000000000000000000000 0000000000000000000000000000 0000000000000000000000000000 0000000000000000000000000000 0000000000000000000000000000 0000000000000000000000000000 0000000000000000000000000000
0000000000000000000000000000 0000000000000000000000000000 0000000000000000000000000000 0000000000000000000000000000 0000000000000000000000000000 0000000000000000000000000000 0000000000000000000000000000 0000000000000000000000000000
0000000000000000000000000000 0000000000000000000000000000 0000000000000000000000000000 0000000000000000000000000000 0000000000000000000000000000 0000000000000000000000000000 0000000000000000000000000000 0000000000000000000000000000
                                                                                                                   
1111111111111111111100000000 0000000011111111111100000000 1111111111111111111111111111 1111000000000000000000001111 1111000000000000000000001111 1111000000000000000000001111 1111000000000000000000001111 1111000000000000000000001111
1111111111111111111110000000 0000000111111111111110000000 1111111111111111111111111111 1111000000000000000000001111 1111000000000000000000001111 1111000000000000000000001111 1111000000000000000000001111 1111000000000000000000001111
1111111111111111111111000000 0000001111111111111111000000 1111111111111111111111111111 1111000000000000000000001111 1111000000000000000000001111 1111000000000000000000001111 1111000000000000000000001111 1111000000000000000000001111
1111111111111111111111100000 0000011111111111111111100000 1111111111111111111111111111 1111000000000000000000001111 1111000000000000000000001111 1111000000000000000000001111 1111000000000000000000001111 1111000000000000000000001111
1111000000000000011111110000 0000111111100000011111110000 0000000000001111000000000000 1111000000000000000000001111 1111000000000000000000001111 1111000000000000000000001111 1111000000000000000000001111 1111000000000000000000001111
1111000000000000001111111000 0001111111000000001111111000 0000000000001111000000000000 1111000000000000000000001111 1111000000000000000000001111 1111000000000000000000001111 1111000000000000000000001111 1111000000000000000000001111
1111000000000000000111111100 0011111110000000000111111100 0000000000001111000000000000 1111000000000000000000001111 1111000000000000000000001111 1111000000000000000000001111 1111000000000000000000001111 1111000000000000000000001111
1111000000000000000011111110 0111111100000000000011111110 0000000000001111000000000000 1111000000000000000000001111 1111000000000000000000001111 1111000000000000000000001111 1111100000000000000000011111 1111100000000000000000011111
1111000000000000000001111111 1111111000000000000001111111 0000000000001111000000000000 1111000000000000000000001111 1111000000000000000000001111 1111000000000000000000001111 1111110000000000000000111111 1111110000000000000000111111
1111000000000000000000111111 1111110000000000000000111111 0000000000001111000000000000 1111000000000000000000001111 1111000000000000000000001111 1111000000000000000000001111 0111110000000000000000111110 0111110000000000000000111110
1111000000000000000000011111 1111100000000000000000011111 0000000000001111000000000000 1111000000000000000000001111 1111000000000000000000001111 1111000000000000000000001111 0111111000000000000001111110 0111111000000000000001111110
1111000000000000000000001111 1111000000000000000000001111 0000000000001111000000000000 1111000000000000000000001111 1111000000000000000000001111 1111000000000000000000001111 0011111000000000000001111100 0011111000000000000001111100
1111000000000000000000001111 1111000000000000000000000000 0000000000001111000000000000 1111000000000000000000001111 1111000000000000000000001111 1111000000000000000000001111 0001111100000000000011111000 0001111100000000000011111000
1111000000000000000000001111 1111000000000000000000000000 0000000000001111000000000000 1111000000000000000000001111 1111000000000000000000001111 1111000000000000000000001111 0001111110000000000111111000 0001111110000000000111111000
1111000000000000000000001111 1111000000000000000000000000 0000000000001111000000000000 1111000000000000000000001111 1111000000000000000000001111 1111000000000000000000001111 0000111110000000000111110000 0000111110000000000111110000
1111000000000000000000001111 1111000000000000000000000000 0000000000001111000000000000 1111000000000000000000001111 1111000000000000000000001111 1111000000000000000000001111 0000111111000000001111110000 0000111111000000001111110000
1111000000000000000000001111 1111000000000000000000000000 0000000000001111000000000000 1111000000000000000000001111 1111000000000000000000001111 1111000000000000000000001111 0000011111000000001111100000 0000011111000000001111100000
1111000000000000000000001111 1111100000000000000000000000 0000000000001111000000000000 1111000000000000000000001111 1111000000000000000000001111 1111000000000000000000001111 0000001111100000011111000000 0000001111100000011111000000
1111000000000000000000001111 1111110000000000000000000000 0000000000001111000000000000 1111000000000000000000001111 1111000000000000000000001111 1111000000000000000000001111 0000001111110000111111000000 0000001111110000111111000000
1111000000000000000000001111 1111111000000000000000000000 0000000000001111000000000000 1111000000000000000000001111 1111000000000000000000001111 1111000000000000000000001111 0000000111110000111110000000 0000000111110000111110000000
1111000000000000000000011111 0111111100000000000000000000 0000000000001111000000000000 1111000000000000000000001111 1111000000000000000000001111 1111000000000000000000001111 0000000111111001111110000000 0000000111111001111110000000
1111000000000000000000111111 0011111110000000000000000000 0000000000001111000000000000 1111000000000000000000001111 1111000000000000000000001111 1111000000000000000000001111 0000000011111001111100000000 0000000011111001111100000000
1111000000000000000001111111 0001111111000000000000000000 0000000000001111000000000000 1111000000000000000000001111 1111000000000000000000001111 1111000000000000000000001111 0000000001111111111000000000 0000000001111111111000000000
1111000000000000000011111110 0000111111100000000000000000 0000000000001111000000000000 1111000000000000000000001111 1111000000000000000000001111 1111000000000000000000001111 0000000001111111111000000000 0000000001111111111000000000
1111000000000000000111111100 0000011111110000000000000000 0000000000001111000000000000 1111000000000000000000001111 1111000000000000000000001111 1111000000000000000000001111 0000000000111111110000000000 0000000000111111110000000000
1111000000000000001111111000 0000001111111000000000000000 0000000000001111000000000000 1111000000000000000000001111 1111000000000000000000001111 1111000000000000000000001111 0000000000111111110000000000 0000000000111111110000000000
1111000000000000011111110000 0000000111111100000000000000 0000000000001111000000000000 1111000000000000000000001111 1111000000000000000000001111 1111000000000000000000001111 0000000000011111100000000000 0000000000011111100000000000
1111000000000000111111100000 0000000011111110000000000000 0000000000001111000000000000 1111000000000000000000001111 1111000000000000000000001111 1111000000000000000000001111 0000000000001111000000000000 0000000000001111000000000000
1111111111111111111111000000 0000000001111111000000000000 0000000000001111000000000000 1111000000000000000000001111 1111000000000000000000001111 1111000000000000000000001111 0000000000001111000000000000 0000000000001111000000000000
1111111111111111111110000000 0000000000111111100000000000 0000000000001111000000000000 1111000000000000000000001111 1111000000000000000000001111 1111000000000000000000001111 0000000000001111000000000000 0000000000001111000000000000
1111111111111111111100000000 0000000000011111110000000000 0000000000001111000000000000 1111000000000000000000001111 1111000000000000000000001111 1111000000000000000000001111 0000000000001111000000000000 0000000000001111000000000000
1111111111111111111000000000 0000000000001111111000000000 0000000000001111000000000000 1111000000000000000000001111 1111000000000000000000001111 1111000000000000000000001111 0000000000001111000000000000 0000000000001111000000000000
1111000111111100000000000000 0000000000000111111100000000 0000000000001111000000000000 1111000000000000000000001111 1111000000000000000000001111 1111000000001111000000001111 0000000000001111000000000000 0000000000001111000000000000
1111000011111100000000000000 0000000000000011111110000000 0000000000001111000000000000 1111000000000000000000001111 1111000000000000000000001111 1111000000001111000000001111 0000000000011111100000000000 0000000000001111000000000000
1111000001111100000000000000 0000000000000001111111000000 0000000000001111000000000000 1111000000000000000000001111 1111000000000000000000001111 1111000000011111100000001111 0000000000111111110000000000 0000000000001111000000000000
1111000001111110000000000000 0000000000000000111111100000 0000000000001111000000000000 1111000000000000000000001111 1111000000000000000000001111 1111000000011111100000001111 0000000000111111110000000000 0000000000001111000000000000
1111000000111110000000000000 0000000000000000011111110000 0000000000001111000000000000 1111000000000000000000001111 1111000000000000000000001111 1111000000111111110000001111 0000000001111111111000000000 0000000000001111000000000000
1111000000011111000000000000 0000000000000000001111111000 0000000000001111000000000000 1111000000000000000000001111 1111000000000000000000001111 1111000000111111110000001111 0000000001111111111000000000 0000000000001111000000000000
1111000000011111100000000000 0000000000000000000111111100 0000000000001111000000000000 1111000000000000000000001111 1111100000000000000000011111 1111000001111111111000001111 0000000011111001111100000000 0000000000001111000000000000
1111000000001111100000000000 0000000000000000000011111110 0000000000001111000000000000 1111000000000000000000001111 1111110000000000000000111111 1111000001111111111000001111 0000000111111001111110000000 0000000000001111000000000000
1111000000001111110000000000 0000000000000000000001111111 0000000000001111000000000000 1111000000000000000000001111 0111110000000000000000111110 1111000011111001111100001111 0000000111110000111110000000 0000000000001111000000000000
1111000000000111110000000000 0000000000000000000000111111 0000000000001111000000000000 1111000000000000000000001111 0111111000000000000001111110 1111000011111001111100001111 0000001111110000111111000000 0000000000001111000000000000
1111000000000011111000000000 0000000000000000000000011111 0000000000001111000000000000 1111000000000000000000001111 0011111000000000000001111100 1111000111110000111110001111 0000001111100000011111000000 0000000000001111000000000000
1111000000000011111100000000 0000000000000000000000001111 0000000000001111000000000000 1111000000000000000000001111 0001111100000000000011111000 1111000111110000111110001111 0000011111000000001111100000 0000000000001111000000000000
1111000000000001111100000000 0000000000000000000000001111 0000000000001111000000000000 1111000000000000000000001111 0001111110000000000111111000 1111001111100000011111001111 0000111111000000001111110000 0000000000001111000000000000
1111000000000001111110000000 0000000000000000000000001111 0000000000001111000000000000 1111000000000000000000001111 0000111110000000000111110000 1111001111100000011111001111 0000111110000000000111110000 0000000000001111000000000000
1111000000000000111110000000 0000000000000000000000001111 0000000000001111000000000000 1111000000000000000000001111 0000111111000000001111110000 1111011111000000001111101111 0001111110000000000111111000 0000000000001111000000000000
1111000000000000011111000000 0000000000000000000000001111 0000000000001111000000000000 1111000000000000000000001111 0000011111000000001111100000 1111011111000000001111101111 0001111100000000000011111000 0000000000001111000000000000
1111000000000000011111100000 1111000000000000000000001111 0000000000001111000000000000 1111000000000000000000001111 0000001111100000011111000000 1111111110000000000111111111 0011111000000000000001111100 0000000000001111000000000000
1111000000000000001111100000 1111100000000000000000011111 0000000000001111000000000000 1111100000000000000000011111 0000001111110000111111000000 1111111110000000000111111111 0111111000000000000001111110 0000000000001111000000000000
1111000000000000001111110000 1111110000000000000000111111 0000000000001111000000000000 1111110000000000000000111111 0000000111110000111110000000 1111111100000000000011111111 0111110000000000000000111110 0000000000001111000000000000
1111000000000000000111110000 1111111000000000000001111111 0000000000001111000000000000 1111111000000000000001111111 0000000111111001111110000000 1111111100000000000011111111 1111110000000000000000111111 0000000000001111000000000000
1111000000000000000011111000 0111111100000000000011111110 0000000000001111000000000000 0111111100000000000011111110 0000000011111001111100000000 1111111000000000000001111111 1111100000000000000000011111 0000000000001111000000000000
1111000000000000000011111100 0011111110000000000111111100 0000000000001111000000000000 0011111110000000000111111100 0000000001111111111000000000 1111111000000000000001111111 1111000000000000000000001111 0000000000001111000000000000
1111000000000000000001111100 0001111111000000001111111000 0000000000001111000000000000 0001111111000000001111111000 0000000001111111111000000000 1111110000000000000000111111 1111000000000000000000001111 0000000000001111000000000000
1111000000000000000001111110 0000111111100000011111110000 0000000000001111000000000000 0000111111100000011111110000 0000000000111111110000000000 1111110000000000000000111111 1111000000000000000000001111 0000000000001111000000000000
1111000000000000000000111111 0000011111111111111111100000 0000000000001111000000000000 0000011111111111111111100000 0000000000111111110000000000 1111100000000000000000011111 1111000000000000000000001111 0000000000001111000000000000
1111000000000000000000011111 0000001111111111111111000000 0000000000001111000000000000 0000001111111111111111000000 0000000000011111100000000000 1111100000000000000000011111 1111000000000000000000001111 0000000000001111000000000000
1111000000000000000000011111 0000000111111111111110000000 0000000000001111000000000000 0000000111111111111110000000 0000000000001111000000000000 1111000000000000000000001111 1111000000000000000000001111 0000000000001111000000000000
1111000000000000000000001111 0000000011111111111100000000 0000000000001111000000000000 0000000011111111111100000000 0000000000001111000000000000 1111000000000000000000001111 1111000000000000000000001111 0000000000001111000000000000
0000000000000000000000000000 0000000000000000000000000000 0000000000000000000000000000 0000000000000000000000000000 0000000000000000000000000000 0000000000000000000000000000 0000000000000000000000000000 0000000000000000000000000000
0000000000000000000000000000 0000000000000000000000000000 0000000000000000000000000000 0000000000000000000000000000 0000000000000000000000000000 0000000000000000000000000000 0000000000000000000000000000 0000000000000000000000000000
0000000000000000000000000000 0000000000000000000000000000 0000000000000000000000000000 0000000000000000000000000000 0000000000000000000000000000 0000000000000000000000000000 0000000000000000000000000000 0000000000000000000000000000
0000000000000000000000000000 0000000000000000000000000000 0000000000000000000000000000 0000000000000000000000000000 0000000000000000000000000000 0000000000000000000000000000 0000000000000000000000000000 0000000000000000000000000000
                                                                                                                   
1111111111111111111111111111 0000000000001111111111110000 0000111111111111000000000000 0000000000000000000000000000 1111111111111111111111111111 0000000000000000000000000000 0000000000000000000000000000 0000000000000000000000000000
1111111111111111111111111111 0000000000001111111111110000 0000111111111111000000000000 0000000000000000000000000000 1111111111111111111111111111 0000000000000000000000000000 0000000000000000000000000000 0000000000000000000000000000
1111111111111111111111111111 0000000000001111111111110000 0000111111111111000000000000 0000000000000000000000000000 1111111111111111111111111111 0000000000000000000000000000 0000000000000000000000000000 0000000000000000000000000000
1111111111111111111111111111 0000000000001111111111110000 0000111111111111000000000000 0000000000000000000000000000 1111111111111111111111111111 0000000000000000000000000000 0000000000000000000000000000 0000000000000000000000000000
0000000000000000000000001111 0000000000001111000000000000 0000000000001111000000000000 0000000000000000000000000000 1111000000000000000000001111 0000000000000000000000000000 0000000000000000000000000000 0000000000000000000000000000
0000000000000000000000001111 0000000000001111000000000000 0000000000001111000000000000 0000000000000000000000000000 1111000000000000000000001111 0000000000000000000000000000 0000000000000000000000000000 0000000000000000000000000000
0000000000000000000000011111 0000000000001111000000000000 0000000000001111000000000000 0000000000000000000000000000 1111000000000000000000001111 0000000000000000000000000000 0000000000000000000000000000 0000000000000000000000000000
0000000000000000000000011111 0000000000001111000000000000 0000000000001111000000000000 0000000000000000000000000000 1111000000000000000000001111 0000000000000000000000000000 0000000000000000000000000000 0000000000000000000000000000
0000000000000000000000111110 0000000000001111000000000000 0000000000001111000000000000 0000000000000000000000000000 1111000000011111100000001111 0000000000000000000000000000 0000000000000000000000000000 0000000000000000000000000000
0000000000000000000000111110 0000000000001111000000000000 0000000000001111000000000000 0000000000000000000000000000 1111000000111111110000001111 0000000000000000000000000000 0000000000000000000000000000 0000000000000000000000000000
0000000000000000000001111100 0000000000001111000000000000 0000000000001111000000000000 0000000000000000000000000000 1111000001111111111000001111 0000000000000000000000000000 0000000000000000000000000000 0000000000000000000000000000
0000000000000000000001111100 0000000000001111000000000000 0000000000001111000000000000 0000000000000000000000000000 1111000011111111111100001111 0000000000000000000000000000 0000000000000000000000000000 0000000000000000000000000000
0000000000000000000011111000 0000000000001111000000000000 0000000000001111000000000000 0000000000000000000000000000 1111000111111111111110001111 0000000000000000000000000000 0000000000000000000000000000 0000000000000000000000000000
0000000000000000000011111000 0000000000001111000000000000 0000000000001111000000000000 0000000000000000000000000000 1111001111111001111111001111 0000000000000000000000000000 0000000000000000000000000000 0000000000000000000000000000
0000000000000000000111110000 0000000000001111000000000000 0000000000001111000000000000 0000000000000000000000000000 1111001111110000111111001111 0000000000000000000000000000 0000000000000000000000000000 0000000000000000000000000000
0000000000000000000111110000 0000000000001111000000000000 0000000000001111000000000000 0000000000000000000000000000 1111001111100000011111001111 0000000000000000000000000000 0000000000000000000000000000 0000000000000000000000000000
0000000000000000001111100000 0000000000001111000000000000 0000000000001111000000000000 0000000000000000000000000000 1111001111000000001111001111 0000000000000000000000000000 0000000000000000000000000000 0000000000000000000000000000
0000000000000000001111100000 0000000000001111000000000000 0000000000001111000000000000 0000000000000000000000000000 1111001111000000001111001111 0000000000000000000000000000 0000000000000000000000000000 0000000000000000000000000000
0000000000000000011111000000 0000000000001111000000000000 0000000000001111000000000000 0000000000000000000000000000 1111001111000000001111001111 0000000000000000000000000000 0000000000000000000000000000 0000000000000000000000000000
0000000000000000011111000000 0000000000001111000000000000 0000000000001111000000000000 0000000000000000000000000000 1111001111000000001111001111 0000000000000000000000000000 0000000000000000000000000000 0000000000000000000000000000
0000000000000000111110000000 0000000000001111000000000000 0000000000001111000000000000 0000000000000000000000000000 1111001111000000001111001111 0000000000000000000000000000 0000000000000000000000000000 0000000000000000000000000000
0000000000000000111110000000 0000000000001111000000000000 0000000000001111000000000000 0000000000000000000000000000 1111000000000000001111001111 0000000000000000000000000000 0000000000000000000000000000 0000000000000000000000000000
0000000000000001111100000000 0000000000001111000000000000 0000000000001111000000000000 0000000000000000000000000000 1111000000000000011111001111 0000000000000000000000000000 0000000000000000000000000000 0000000000000000000000000000
0000000000000001111100000000 0000000000001111000000000000 0000000000001111000000000000 0000000000000000000000000000 1111000000000000111111001111 0000000000000000000000000000 0000000000000000000000000000 0000000000000000000000000000
0000000000000011111000000000 0000000000001111000000000000 0000000000001111000000000000 0000000000000000000000000000 1111000000000001111111001111 0000000000000000000000000000 0000000000000000000000000000 0000000000000000000000000000
0000000000000011111000000000 0000000000001111000000000000 0000000000001111000000000000 0000000000000000000000000000 1111000000000011111110001111 0000000000000000000000000000 0000000000000000000000000000 0000000000000000000000000000
0000000000000111110000000000 0000000000001111000000000000 0000000000001111000000000000 0000000000000000000000000000 1111000000000111111100001111 0000000000000000000000000000 0000000000000000000000000000 0000000000000000000000000000
0000000000000111110000000000 0000000000001111000000000000 0000000000001111000000000000 0000000000000000000000000000 1111000000001111111000001111 0000000000000000000000000000 0000000000000000000000000000 0000000000000000000000000000
0000000000001111100000000000 0000000000001111000000000000 0000000000001111000000000000 0000000000000000000000000000 1111000000001111110000001111 0000000000000000000000000000 0000000000000000000000000000 0000000000000000000000000000
0000000000001111100000000000 0000000000001111000000000000 0000000000001111000000000000 0000000000000000000000000000 1111000000001111100000001111 0000000000000000000000000000 0000000000000000000000000000 0000000000000000000000000000
0000000000011111000000000000 0000000000001111000000000000 0000000000001111000000000000 0000000000000000000000000000 1111000000001111000000001111 0000000000000000000000000000 0000000000000000000000000000 0000000000000000000000000000
0000000000011111000000000000 0000000000001111000000000000 0000000000001111000000000000 0000000000000000000000000000 1111000000001111000000001111 0000000000000000000000000000 0000000000000000000000000000 0000000000000000000000000000
0000000000111110000000000000 0000000000001111000000000000 0000000000001111000000000000 0000000000000000000000000000 1111000000001111000000001111 0000000000000000000000000000 0000000000000000000000000000 0000000000000000000000000000
0000000000111110000000000000 0000000000001111000000000000 0000000000001111000000000000 0000000000000000000000000000 1111000000001111000000001111 0000000000000000000000000000 0000000000000000000000000000 0000000000000000000000000000
0000000001111100000000000000 0000000000001111000000000000 0000000000001111000000000000 0000000000000000000000000000 1111000000001111000000001111 0000000000000000000000000000 0000000000000000000000000000 0000000000000000000000000000
0000000001111100000000000000 0000000000001111000000000000 0000000000001111000000000000 0000000000000000000000000000 1111000000001111000000001111 0000000000000000000000000000 0000000000000000000000000000 0000000000000000000000000000
0000000011111000000000000000 0000000000001111000000000000 0000000000001111000000000000 0000000000000000000000000000 1111000000001111000000001111 0000000000000000000000000000 0000000000000000000000000000 0000000000000000000000000000
0000000011111000000000000000 0000000000001111000000000000 0000000000001111000000000000 0000000000000000000000000000 1111000000001111000000001111 0000000000000000000000000000 0000000000000000000000000000 0000000000000000000000000000
0000000111110000000000000000 0000000000001111000000000000 0000000000001111000000000000 0000000000000000000000000000 1111000000001111000000001111 0000000000000000000000000000 0000000000000000000000000000 0000000000000000000000000000
0000000111110000000000000000 0000000000001111000000000000 0000000000001111000000000000 0000000000000000000000000000 1111000000001111000000001111 0000000000000000000000000000 0000000000000000000000000000 0000000000000000000000000000
0000001111100000000000000000 0000000000001111000000000000 0000000000001111000000000000 0000000000000000000000000000 1111000000001111000000001111 0000000000000000000000000000 0000000000000000000000000000 0000000000000000000000000000
0000001111100000000000000000 0000000000001111000000000000 0000000000001111000000000000 0000000000000000000000000000 1111000000001111000000001111 0000000000000000000000000000 0000000000000000000000000000 0000000000000000000000000000
0000011111000000000000000000 0000000000001111000000000000 0000000000001111000000000000 0000000000000000000000000000 1111000000001111000000001111 0000000000000000000000000000 0000000000000000000000000000 0000000000000000000000000000
0000011111000000000000000000 0000000000001111000000000000 0000000000001111000000000000 0000000000000000000000000000 1111000000001111000000001111 0000000000000000000000000000 0000000000000000000000000000 0000000000000000000000000000
0000111110000000000000000000 0000000000001111000000000000 0000000000001111000000000000 0000000000000000000000000000 1111000000000000000000001111 0000000000000000000000000000 0000000000000000000000000000 0000000000000000000000000000
0000111110000000000000000000 0000000000001111000000000000 0000000000001111000000000000 0000000000000000000000000000 1111000000000000000000001111 0000000000000000000000000000 0000000000000000000000000000 0000000000000000000000000000
0001111100000000000000000000 0000000000001111000000000000 0000000000001111000000000000 0000000000000000000000000000 1111000000000000000000001111 0000000000000000000000000000 0000000000000000000000000000 0000000000000000000000000000
0001111100000000000000000000 0000000000001111000000000000 0000000000001111000000000000 0000000000000000000000000000 1111000000000000000000001111 0000000000000000000000000000 0000000000000000000000000000 0000000000000000000000000000
0011111000000000000000000000 0000000000001111000000000000 0000000000001111000000000000 0000000000000000000000000000 1111000000001111000000001111 0000000000000000000000000000 0000000000000000000000000000 0000000000000000000000000000
0011111000000000000000000000 0000000000001111000000000000 0000000000001111000000000000 0000000000000000000000000000 1111000000001111000000001111 0000000000000000000000000000 0000000000000000000000000000 0000000000000000000000000000
0111110000000000000000000000 0000000000001111000000000000 0000000000001111000000000000 0000000000000000000000000000 1111000000001111000000001111 0000000000000000000000000000 0000000000000000000000000000 0000000000000000000000000000
0111110000000000000000000000 0000000000001111000000000000 0000000000001111000000000000 0000000000000000000000000000 1111000000001111000000001111 0000000000000000000000000000 0000000000000000000000000000 0000000000000000000000000000
1111100000000000000000000000 0000000000001111000000000000 0000000000001111000000000000 0000000000000000000000000000 1111000000000000000000001111 0000000000000000000000000000 0000000000000000000000000000 0000000000000000000000000000
1111100000000000000000000000 0000000000001111000000000000 0000000000001111000000000000 0000000000000000000000000000 1111000000000000000000001111 0000000000000000000000000000 0000000000000000000000000000 0000000000000000000000000000
1111000000000000000000000000 0000000000001111000000000000 0000000000001111000000000000 0000000000000000000000000000 1111000000000000000000001111 0000000000000000000000000000 0000000000000000000000000000 0000000000000000000000000000
1111000000000000000000000000 0000000000001111000000000000 0000000000001111000000000000 0000000000000000000000000000 1111000000000000000000001111 0000000000000000000000000000 0000000000000000000000000000 0000000000000000000000000000
1111111111111111111111111111 0000000000001111111111110000 0000111111111111000000000000 1111111111111111111111111111 1111111111111111111111111111 0000000000000000000000000000 0000000000000000000000000000 0000000000000000000000000000
1111111111111111111111111111 0000000000001111111111110000 0000111111111111000000000000 1111111111111111111111111111 1111111111111111111111111111 0000000000000000000000000000 0000000000000000000000000000 0000000000000000000000000000
1111111111111111111111111111 0000000000001111111111110000 0000111111111111000000000000 1111111111111111111111111111 1111111111111111111111111111 0000000000000000000000000000 0000000000000000000000000000 0000000000000000000000000000
1111111111111111111111111111 0000000000001111111111110000 0000111111111111000000000000 1111111111111111111111111111 1111111111111111111111111111 0000000000000000000000000000 0000000000000000000000000000 0000000000000000000000000000
0000000000000000000000000000 0000000000000000000000000000 0000000000000000000000000000 0000000000000000000000000000 0000000000000000000000000000 0000000000000000000000000000 0000000000000000000000000000 0000000000000000000000000000
0000000000000000000000000000 0000000000000000000000000000 0000000000000000000000000000 0000000000000000000000000000 0000000000000000000000000000 0000000000000000000000000000 0000000000000000000000000000 0000000000000000000000000000
0000000000000000000000000000 0000000000000000000000000000 0000000000000000000000000000 0000000000000000000000000000 0000000000000000000000000000 0000000000000000000000000000 0000000000000000000000000000 0000000000000000000000000000
0000000000000000000000000000 0000000000000000000000000000 0000000000000000000000000000 0000000000000000000000000000 0000000000000000000000000000 0000000000000000000000000000 0000000000000000000000000000 0000000000000000000000000000
