0000000 0000000 0000000 0000001 0011100 0011100 0011100 0011100
0000000 0110110 0000000 0000001 0111110 0111100 0111110 0111110
0000000 0110110 0000000 0000011 1110111 1111100 1110111 1110111
0000000 0110110 0000000 0000011 1100011 1101100 1100011 1100011
0000000 1111111 0000000 0000110 1100111 0001100 0000011 0000011
0000000 1111111 0000000 0000110 1100111 0001100 0000111 0000111
0000000 0110110 0111110 0001100 1101111 0001100 0001110 0001110
0000000 0110110 0111110 0011100 1111011 0001100 0011100 0001110
0000000 1111111 0000000 0011000 1110011 0001100 0111000 0000111
0000000 1111111 0000000 0110000 1110011 0001100 1110000 0000011
0000000 0110110 0000000 0110000 1100011 0001100 1100000 1100011
0000000 0110110 0000000 1100000 1110111 0001100 1100000 1110111
0000000 0110110 0000000 1100000 0111110 1111111 1111111 0111110
0000000 0000000 0000000 1000000 0011100 1111111 1111111 0011100
0000000 0000000 0000000 0000000 0000000 0000000 0000000 0000000
                               
0000110 1111111 0011100 1111111 0011100 0011100 0000000 0011100
0001110 1111111 0111110 1111111 0111110 0111110 0000000 0111110
0011110 1100000 1110111 0000011 1110111 1110111 0000000 1110111
0111110 1100000 1100011 0000111 1100011 1100011 0011100 1100011
1110110 1111000 1100000 0000110 1100011 1100011 0011100 1100011
1100110 1111100 1100000 0001110 1110111 1110011 0011100 1100011
1111111 0001110 1111100 0001100 0111110 0111111 0000000 1111111
1111111 0000111 1111110 0001100 0111110 0011111 0000000 1111111
0000110 0000011 1100111 0001100 1110111 0000011 0011100 1100011
0000110 0000011 1100011 0001100 1100011 0000011 0011100 1100011
0000110 1100011 1100011 0001100 1100011 1100011 0011100 1100011
0000110 1110111 1110111 0001100 1110111 1110111 0000000 1100011
0000110 0111110 0111110 0001100 0111110 0111110 0000000 1100011
0000110 0011100 0011100 0001100 0011100 0011100 0000000 1100011
0000000 0000000 0000000 0000000 0000000 0000000 0000000 0000000
                               
1111110 0011100 1111100 1111111 1111111 0011110 1100011 1111111
1111111 0111110 1111110 1111111 1111111 0111111 1100011 1111111
1100011 1110111 1100111 1100000 1100000 1110011 1100011 0001100
1100011 1100011 1100011 1100000 1100000 1100000 1100011 0001100
1100011 1100000 1100011 1100000 1100000 1100000 1100011 0001100
1100111 1100000 1100011 1100000 1100000 1100000 1100011 0001100
1111110 1100000 1100011 1111000 1111000 1100111 1111111 0001100
1111110 1100000 1100011 1111000 1111000 1100111 1111111 0001100
1100111 1100000 1100011 1100000 1100000 1100011 1100011 0001100
1100011 1100000 1100011 1100000 1100000 1100011 1100011 0001100
1100011 1100011 1100011 1100000 1100000 1100011 1100011 0001100
1100011 1110111 1100111 1100000 1100000 1110111 1100011 0001100
1111111 0111110 1111110 1111111 1100000 0111110 1100011 1111111
1111110 0011100 1111100 1111111 1100000 0011100 1100011 1111111
0000000 0000000 0000000 0000000 0000000 0000000 0000000 0000000
                               
0000011 1100011 1100000 1100011 1100011 0011100 1111100 0011100
0000011 1100111 1100000 1100011 1100011 0111110 1111110 0111110
0000011 1101110 1100000 1110111 1110011 1110111 1100111 1110111
0000011 1111100 1100000 1110111 1110011 1100011 1100011 1100011
0000011 1111000 1100000 1111111 1111011 1100011 1100011 1100011
0000011 1110000 1100000 1101011 1101011 1100011 1100111 1100011
0000011 1110000 1100000 1101011 1101111 1100011 1111110 1100011
0000011 1110000 1100000 1100011 1100111 1100011 1111100 1100011
1100011 1110000 1100000 1100011 1100111 1100011 1100000 1100011
1100011 1111000 1100000 1100011 1100011 1100011 1100000 1100011
1100011 1111100 1100000 1100011 1100011 1100011 1100000 1101011
1110111 1101110 1100000 1100011 1100011 1110111 1100000 1110111
0111110 1100111 1111111 1100011 1100011 0111110 1100000 0111110
0011100 1100011 1111111 1100011 1100011 0011100 1100000 0011101
0000000 0000000 0000000 0000000 0000000 0000000 0000000 0000000
                               
1111100 0011111 1111111 1100011 1100011 1100011 1100011 1100011
1111110 0111111 1111111 1100011 1100011 1100011 1100011 1100011
1100111 1110000 0001100 1100011 1100011 1100011 1100011 1100011
1100011 1100000 0001100 1100011 1100011 1100011 1110111 1111111
1100011 1100000 0001100 1100011 1100011 1100011 0111110 0111110
1100111 1110000 0001100 1100011 1100011 1100011 0011100 0001100
1111110 0111100 0001100 1100011 1100011 1100011 0011100 0001100
1111100 0011110 0001100 1100011 1110111 1100011 0011100 0001100
1111110 0000111 0001100 1100011 0110111 1100011 0011100 0001100
1100111 0000011 0001100 1100011 0111110 1101011 0111110 0001100
1100011 0000011 0001100 1100011 0011100 1111111 1110111 0001100
1100011 0000111 0001100 1110111 0011100 1111111 1100011 0001100
1100011 1111110 0001100 0111110 0001000 1110111 1100011 0001100
1100011 1111100 0001100 0011100 0001000 1100011 1100011 0001100
0000000 0000000 0000000 0000000 0000000 0000000 0000000 0000000
                               
1111111 0111110 0111110 0000000 1111111 0000000 0000000 0000000
1111111 0111110 0111110 0000000 1000001 0000000 0000000 0000000
0000011 0110000 0000110 0000000 1000001 0000000 0000000 0000000
0000011 0110000 0000110 0000000 1011101 0000000 0000000 0000000
0000110 0110000 0000110 0000000 1010101 0000000 0000000 0000000
0001110 0110000 0000110 0000000 1000101 0000000 0000000 0000000
0001100 0110000 0000110 0000000 1001101 0000000 0000000 0000000
0011000 0110000 0000110 0000000 1001001 0000000 0000000 0000000
0111000 0110000 0000110 0000000 1001001 0000000 0000000 0000000
0110000 0110000 0000110 0000000 1000001 0000000 0000000 0000000
1100000 0110000 0000110 0000000 1001001 0000000 0000000 0000000
1100000 0110000 0000110 0000000 1000001 0000000 0000000 0000000
1111111 0111110 0111110 1111111 1000001 0000000 0000000 0000000
1111111 0111110 0111110 1111111 1111111 0000000 0000000 0000000
0000000 0000000 0000000 0000000 0000000 0000000 0000000 0000000
