00000000000000 00000000000000 00000000000000 00000000000011 00011111111000 00011111100000 00011111111000 00011111111000
00000000000000 00000000000000 00000000000000 00000000000011 00111111111100 00111111100000 00111111111100 00111111111100
00000000000000 00111000011100 00000000000000 00000000000111 01111111111110 01111111100000 01111111111110 01111111111110
00000000000000 00111000011100 00000000000000 00000000000111 11111000011111 11111111100000 11111000011111 11111000011111
00000000000000 00111000011100 00000000000000 00000000001111 11110000001111 11110011100000 11110000001111 11110000001111
00000000000000 00111000011100 00000000000000 00000000001110 11100000001111 11100011100000 11100000000111 11100000000111
00000000000000 00111000011100 00000000000000 00000000011110 11100000001111 00000011100000 00000000000111 00000000000111
00000000000000 00111000011100 00000000000000 00000000011100 11100000011111 00000011100000 00000000000111 00000000000111
00000000000000 00111000011100 00000000000000 00000000111100 11100000011111 00000011100000 00000000000111 00000000000111
00000000000000 11111111111111 00000000000000 00000000111000 11100000110111 00000011100000 00000000000111 00000000000111
00000000000000 11111111111111 00000000000000 00000001111000 11100000110111 00000011100000 00000000001111 00000000001111
00000000000000 11111111111111 00000000000000 00000001110000 11100001100111 00000011100000 00000000011111 00000000011111
00000000000000 00111000011100 00000000000000 00000011110000 11100001100111 00000011100000 00000000111110 00000000111110
00000000000000 00111000011100 00111111111100 00000011100000 11100011000111 00000011100000 00000001111100 00000001111100
00000000000000 00111000011100 00111111111100 00000111100000 11100011000111 00000011100000 00000011111000 00000001111000
00000000000000 00111000011100 00111111111100 00000111000000 11100011000111 00000011100000 00000111110000 00000001111100
00000000000000 00111000011100 00000000000000 00001111000000 11100110000111 00000011100000 00001111100000 00000000111110
00000000000000 11111111111111 00000000000000 00001110000000 11100110000111 00000011100000 00011111000000 00000000011111
00000000000000 11111111111111 00000000000000 00011110000000 11101100000111 00000011100000 00111110000000 00000000001111
00000000000000 11111111111111 00000000000000 00011100000000 11101100000111 00000011100000 01111100000000 00000000000111
00000000000000 00111000011100 00000000000000 00111100000000 11111000000111 00000011100000 11111000000000 00000000000111
00000000000000 00111000011100 00000000000000 00111000000000 11111000000111 00000011100000 11110000000000 00000000000111
00000000000000 00111000011100 00000000000000 01111000000000 11110000000111 00000011100000 11100000000000 00000000000111
00000000000000 00111000011100 00000000000000 01110000000000 11110000000111 00000011100000 11100000000000 11100000000111
00000000000000 00111000011100 00000000000000 11110000000000 11110000001111 00000011100000 11100000000000 11110000001111
00000000000000 00111000011100 00000000000000 11100000000000 11111000011111 00000011100000 11100000000000 11111000011111
00000000000000 00111000011100 00000000000000 11100000000000 01111111111110 11111111111111 11111111111111 01111111111110
00000000000000 00000000000000 00000000000000 11000000000000 00111111111100 11111111111111 11111111111111 00111111111100
00000000000000 00000000000000 00000000000000 11000000000000 00011111111000 11111111111111 11111111111111 00011111111000
00000000000000 00000000000000 00000000000000 00000000000000 00000000000000 00000000000000 00000000000000 00000000000000
00000000000000 00000000000000 00000000000000 00000000000000 00000000000000 00000000000000 00000000000000 00000000000000
                                                           
00000000001110 11111111111111 00011111111000 11111111111111 00011111111000 00011111111000 00000000000000 00011111111000
00000000011110 11111111111111 00111111111100 11111111111111 00111111111100 00111111111100 00000000000000 00111111111100
00000000111110 11111111111111 01111111111110 11111111111111 01111111111110 01111111111110 00000000000000 01111111111110
00000001111110 11100000000000 11111000011111 00000000001111 11111000011111 11111000011111 00000000000000 11111000011111
00000011111110 11100000000000 11110000001111 00000000001111 11110000001111 11110000001111 00000000000000 11110000001111
00000111101110 11100000000000 11100000000111 00000000001110 11100000000111 11100000000111 00000000000000 11100000000111
00001111001110 11100000000000 11100000000000 00000000011110 11100000000111 11100000000111 00000000000000 11100000000111
00011110001110 11100000000000 11100000000000 00000000011100 11100000000111 11100000000111 00000000000000 11100000000111
00111100001110 11100000000000 11100000000000 00000000111100 11100000000111 11100000000111 00000011000000 11100000000111
01111000001110 11111111000000 11100000000000 00000000111000 11100000000111 11100000000111 00000111100000 11100000000111
11110000001110 11111111100000 11100000000000 00000001111000 11110000001111 11110000000111 00000111100000 11100000000111
11100000001110 11111111110000 11100000000000 00000001110000 11111000011111 11111000000111 00000011000000 11100000000111
11100000001110 00000011111000 11100000000000 00000011110000 01111100111110 01111100000111 00000000000000 11100000000111
11111111111111 00000001111100 11100000000000 00000011100000 00111111111100 00111111111111 00000000000000 11111111111111
11111111111111 00000000111110 11111111111000 00000011100000 00011111111000 00011111111111 00000000000000 11111111111111
11111111111111 00000000011111 11111111111100 00000011100000 00111111111100 00001111111111 00000000000000 11111111111111
00000000001110 00000000001111 11111111111110 00000011100000 01111100111110 00000000000111 00000000000000 11100000000111
00000000001110 00000000000111 11100000011111 00000011100000 11111000011111 00000000000111 00000011000000 11100000000111
00000000001110 00000000000111 11100000001111 00000011100000 11110000001111 00000000000111 00000111100000 11100000000111
00000000001110 00000000000111 11100000000111 00000011100000 11100000000111 00000000000111 00000111100000 11100000000111
00000000001110 00000000000111 11100000000111 00000011100000 11100000000111 00000000000111 00000011000000 11100000000111
00000000001110 00000000000111 11100000000111 00000011100000 11100000000111 00000000000111 00000000000000 11100000000111
00000000001110 00000000000111 11100000000111 00000011100000 11100000000111 00000000000111 00000000000000 11100000000111
00000000001110 11100000000111 11100000000111 00000011100000 11100000000111 11100000000111 00000000000000 11100000000111
00000000001110 11110000001111 11110000001111 00000011100000 11110000001111 11110000001111 00000000000000 11100000000111
00000000001110 11111000011111 11111000011111 00000011100000 11111000011111 11111000011111 00000000000000 11100000000111
00000000001110 01111111111110 01111111111110 00000011100000 01111111111110 01111111111110 00000000000000 11100000000111
00000000001110 00111111111100 00111111111100 00000011100000 00111111111100 00111111111100 00000000000000 11100000000111
00000000000000 00011111111000 00011111111000 00000011100000 00011111111000 00011111111000 00000000000000 11100000000111
00000000000000 00000000000000 00000000000000 00000000000000 00000000000000 00000000000000 00000000000000 00000000000000
00000000000000 00000000000000 00000000000000 00000000000000 00000000000000 00000000000000 00000000000000 00000000000000
                                                           
11111111111000 00011111111000 11111111111000 11111111111111 11111111111111 00011111111000 11100000000111 11111111111111
11111111111100 00111111111100 11111111111100 11111111111111 11111111111111 00111111111100 11100000000111 11111111111111
11111111111110 01111111111110 11111111111110 11111111111111 11111111111111 01111111111110 11100000000111 11111111111111
11100000011111 11111000011111 11100000011111 11100000000000 11100000000000 11111000011111 11100000000111 00000011100000
11100000001111 11110000001111 11100000001111 11100000000000 11100000000000 11110000001111 11100000000111 00000011100000
11100000000111 11100000000111 11100000000111 11100000000000 11100000000000 11100000000111 11100000000111 00000011100000
11100000000111 11100000000000 11100000000111 11100000000000 11100000000000 11100000000000 11100000000111 00000011100000
11100000000111 11100000000000 11100000000111 11100000000000 11100000000000 11100000000000 11100000000111 00000011100000
11100000000111 11100000000000 11100000000111 11100000000000 11100000000000 11100000000000 11100000000111 00000011100000
11100000000111 11100000000000 11100000000111 11100000000000 11100000000000 11100000000000 11100000000111 00000011100000
11100000001111 11100000000000 11100000000111 11100000000000 11100000000000 11100000000000 11100000000111 00000011100000
11100000011111 11100000000000 11100000000111 11100000000000 11100000000000 11100000000000 11100000000111 00000011100000
11100000111110 11100000000000 11100000000111 11100000000000 11100000000000 11100000000000 11100000000111 00000011100000
11111111111100 11100000000000 11100000000111 11111111100000 11111111100000 11100011111111 11111111111111 00000011100000
11111111111100 11100000000000 11100000000111 11111111100000 11111111100000 11100011111111 11111111111111 00000011100000
11111111111110 11100000000000 11100000000111 11111111100000 11111111100000 11100011111111 11111111111111 00000011100000
11100000111111 11100000000000 11100000000111 11100000000000 11100000000000 11100000000111 11100000000111 00000011100000
11100000011111 11100000000000 11100000000111 11100000000000 11100000000000 11100000000111 11100000000111 00000011100000
11100000001111 11100000000000 11100000000111 11100000000000 11100000000000 11100000000111 11100000000111 00000011100000
11100000000111 11100000000000 11100000000111 11100000000000 11100000000000 11100000000111 11100000000111 00000011100000
11100000000111 11100000000000 11100000000111 11100000000000 11100000000000 11100000000111 11100000000111 00000011100000
11100000000111 11100000000000 11100000000111 11100000000000 11100000000000 11100000000111 11100000000111 00000011100000
11100000000111 11100000000000 11100000000111 11100000000000 11100000000000 11100000000111 11100000000111 00000011100000
11100000000111 11100000000111 11100000000111 11100000000000 11100000000000 11100000000111 11100000000111 00000011100000
11100000001111 11110000001111 11100000001111 11100000000000 11100000000000 11110000001111 11100000000111 00000011100000
11100000011111 11111000011111 11100000011111 11100000000000 11100000000000 11111000011111 11100000000111 00000011100000
11111111111110 01111111111110 11111111111110 11111111111111 11100000000000 01111111111110 11100000000111 11111111111111
11111111111100 00111111111100 11111111111100 11111111111111 11100000000000 00111111111100 11100000000111 11111111111111
11111111111000 00011111111000 11111111111000 11111111111111 11100000000000 00011111111000 11100000000111 11111111111111
00000000000000 00000000000000 00000000000000 00000000000000 00000000000000 00000000000000 00000000000000 00000000000000
00000000000000 00000000000000 00000000000000 00000000000000 00000000000000 00000000000000 00000000000000 00000000000000
                                                           
00000000000111 11100000000111 11100000000000 11100000000111 11110000000111 00011111111000 11111111111000 00011111111000
00000000000111 11100000001111 11100000000000 11100000000111 11110000000111 00111111111100 11111111111100 00111111111100
00000000000111 11100000001111 11100000000000 11110000001111 11111000000111 01111111111110 11111111111110 01111111111110
00000000000111 11100000011110 11100000000000 11110000001111 11111000000111 11111000011111 11100000011111 11111000011111
00000000000111 11100000111100 11100000000000 11110000001111 11111000000111 11110000001111 11100000001111 11110000001111
00000000000111 11100000111100 11100000000000 11111000011111 11111100000111 11100000000111 11100000000111 11100000000111
00000000000111 11100001111000 11100000000000 11111000011111 11111100000111 11100000000111 11100000000111 11100000000111
00000000000111 11100011110000 11100000000000 11111000011111 11111100000111 11100000000111 11100000000111 11100000000111
00000000000111 11100011110000 11100000000000 11111100111111 11111110000111 11100000000111 11100000000111 11100000000111
00000000000111 11100111100000 11100000000000 11111100111111 11101110000111 11100000000111 11100000000111 11100000000111
00000000000111 11101111000000 11100000000000 11111111111111 11101110000111 11100000000111 11100000000111 11100000000111
00000000000111 11111111000000 11100000000000 11101111110111 11100111000111 11100000000111 11100000001111 11100000000111
00000000000111 11111110000000 11100000000000 11100111100111 11100111000111 11100000000111 11100000011111 11100000000111
00000000000111 11111100000000 11100000000000 11100111100111 11100111000111 11100000000111 11111111111110 11100000000111
00000000000111 11111100000000 11100000000000 11100011000111 11100011100111 11100000000111 11111111111100 11100000000111
00000000000111 11111100000000 11100000000000 11100000000111 11100011100111 11100000000111 11111111111000 11100000000111
00000000000111 11111110000000 11100000000000 11100000000111 11100011100111 11100000000111 11100000000000 11100000000111
00000000000111 11111111000000 11100000000000 11100000000111 11100001110111 11100000000111 11100000000000 11100000000111
00000000000111 11101111000000 11100000000000 11100000000111 11100001110111 11100000000111 11100000000000 11100000000111
00000000000111 11100111100000 11100000000000 11100000000111 11100001111111 11100000000111 11100000000000 11100000000111
00000000000111 11100011110000 11100000000000 11100000000111 11100000111111 11100000000111 11100000000000 11100000000111
00000000000111 11100011110000 11100000000000 11100000000111 11100000111111 11100000000111 11100000000000 11100000000111
00000000000111 11100001111000 11100000000000 11100000000111 11100000111111 11100000000111 11100000000000 11100000000111
11100000000111 11100000111100 11100000000000 11100000000111 11100000011111 11100000000111 11100000000000 11100000110111
11110000001111 11100000111100 11100000000000 11100000000111 11100000011111 11110000001111 11100000000000 11110000111111
11111000011111 11100000011110 11100000000000 11100000000111 11100000011111 11111000011111 11100000000000 11111000011111
01111111111110 11100000001111 11111111111111 11100000000111 11100000001111 01111111111110 11100000000000 01111111111110
00111111111100 11100000001111 11111111111111 11100000000111 11100000001111 00111111111100 11100000000000 00111111111111
00011111111000 11100000000111 11111111111111 11100000000111 11100000001111 00011111111000 00000000000000 00011111111011
00000000000000 00000000000000 00000000000000 00000000000000 00000000000000 00000000000000 00000000000000 00000000000000
00000000000000 00000000000000 00000000000000 00000000000000 00000000000000 00000000000000 00000000000000 00000000000000
                                                           
11111111111000 00011111111000 11111111111111 11100000000111 11100000000111 11100000000111 11100000000111 11100000000111
11111111111100 00111111111100 11111111111111 11100000000111 11100000000111 11100000000111 11100000000111 11100000000111
11111111111110 01111111111110 11111111111111 11100000000111 11100000000111 11100000000111 11100000000111 11100000000111
11100000011111 11111000011111 00000011100000 11100000000111 11100000000111 11100000000111 11100000000111 11100000000111
11100000001111 11110000001111 00000011100000 11100000000111 11100000000111 11100000000111 11100000000111 11100000000111
11100000000111 11100000000111 00000011100000 11100000000111 11100000000111 11100000000111 11110000001111 11110000001111
11100000000111 11100000000000 00000011100000 11100000000111 11100000000111 11100000000111 11110000001111 11110000001111
11100000000111 11100000000000 00000011100000 11100000000111 11100000000111 11100000000111 01111000011110 01111000011110
11100000000111 11110000000000 00000011100000 11100000000111 11100000000111 11100000000111 00111000011100 00111000011100
11100000000111 11111000000000 00000011100000 11100000000111 11100000000111 11100000000111 00111100111100 00111100111100
11100000000111 01111100000000 00000011100000 11100000000111 11100000000111 11100000000111 00011100111000 00011100111000
11100000001111 00111110000000 00000011100000 11100000000111 11100000000111 11100000000111 00011111111000 00011111111000
11100000011111 00011111000000 00000011100000 11100000000111 11100000000111 11100000000111 00001111110000 00001111110000
11111111111110 00001111100000 00000011100000 11100000000111 11100000000111 11100011000111 00001111110000 00000111110000
11111111111100 00000111110000 00000011100000 11100000000111 11100000000111 11100111100111 00000111100000 00000011100000
11111111111000 00000011111000 00000011100000 11100000000111 11100000000111 11100111100111 00001111110000 00000011100000
11111110000000 00000001111100 00000011100000 11100000000111 11110000001111 11101111110111 00001111110000 00000011100000
11111110000000 00000000111110 00000011100000 11100000000111 01110000001110 11111111111111 00011111111000 00000011100000
11101111000000 00000000011111 00000011100000 11100000000111 01110000001110 11111111111111 00011100111000 00000011100000
11100111100000 00000000001111 00000011100000 11100000000111 01111000011110 11111100111111 00111100111100 00000011100000
11100011110000 00000000000111 00000011100000 11100000000111 00111000011100 11111100111111 00111000011100 00000011100000
11100011110000 00000000000111 00000011100000 11100000000111 00111100111100 11111000011111 01111000011110 00000011100000
11100001111000 00000000000111 00000011100000 11100000000111 00011100111000 11111000011111 11110000001111 00000011100000
11100000111100 11100000000111 00000011100000 11100000000111 00011100111000 11111000011111 11110000001111 00000011100000
11100000111100 11110000001111 00000011100000 11110000001111 00001111110000 11110000001111 11100000000111 00000011100000
11100000011110 11111000011111 00000011100000 11111000011111 00001111110000 11110000001111 11100000000111 00000011100000
11100000001111 01111111111110 00000011100000 01111111111110 00000111100000 11110000001111 11100000000111 00000011100000
11100000001111 00111111111100 00000011100000 00111111111100 00000111100000 11100000000111 11100000000111 00000011100000
11100000000111 00011111111000 00000011100000 00011111111000 00000011000000 11100000000111 11100000000111 00000011100000
00000000000000 00000000000000 00000000000000 00000000000000 00000000000000 00000000000000 00000000000000 00000000000000
00000000000000 00000000000000 00000000000000 00000000000000 00000000000000 00000000000000 00000000000000 00000000000000
                                                           
11111111111111 00011111111100 00111111111000 00000000000000 11111111111111 00000000000000 00000000000000 00000000000000
11111111111111 00011111111100 00111111111000 00000000000000 11111111111111 00000000000000 00000000000000 00000000000000
11111111111111 00011111111100 00111111111000 00000000000000 11000000000011 00000000000000 00000000000000 00000000000000
00000000001111 00011100000000 00000000111000 00000000000000 11000000000011 00000000000000 00000000000000 00000000000000
00000000001110 00011100000000 00000000111000 00000000000000 11000000000011 00000000000000 00000000000000 00000000000000
00000000011110 00011100000000 00000000111000 00000000000000 11000111100011 00000000000000 00000000000000 00000000000000
00000000011100 00011100000000 00000000111000 00000000000000 11001111110011 00000000000000 00000000000000 00000000000000
00000000111100 00011100000000 00000000111000 00000000000000 11011100111011 00000000000000 00000000000000 00000000000000
00000000111000 00011100000000 00000000111000 00000000000000 11011000011011 00000000000000 00000000000000 00000000000000
00000001111000 00011100000000 00000000111000 00000000000000 11011000011011 00000000000000 00000000000000 00000000000000
00000001110000 00011100000000 00000000111000 00000000000000 11000000011011 00000000000000 00000000000000 00000000000000
00000011110000 00011100000000 00000000111000 00000000000000 11000000110011 00000000000000 00000000000000 00000000000000
00000011100000 00011100000000 00000000111000 00000000000000 11000001110011 00000000000000 00000000000000 00000000000000
00000111100000 00011100000000 00000000111000 00000000000000 11000011100011 00000000000000 00000000000000 00000000000000
00000111000000 00011100000000 00000000111000 00000000000000 11000011000011 00000000000000 00000000000000 00000000000000
00001111000000 00011100000000 00000000111000 00000000000000 11000011000011 00000000000000 00000000000000 00000000000000
00001110000000 00011100000000 00000000111000 00000000000000 11000011000011 00000000000000 00000000000000 00000000000000
00011110000000 00011100000000 00000000111000 00000000000000 11000011000011 00000000000000 00000000000000 00000000000000
00011100000000 00011100000000 00000000111000 00000000000000 11000011000011 00000000000000 00000000000000 00000000000000
00111100000000 00011100000000 00000000111000 00000000000000 11000011000011 00000000000000 00000000000000 00000000000000
00111000000000 00011100000000 00000000111000 00000000000000 11000011000011 00000000000000 00000000000000 00000000000000
01111000000000 00011100000000 00000000111000 00000000000000 11000000000011 00000000000000 00000000000000 00000000000000
01110000000000 00011100000000 00000000111000 00000000000000 11000011000011 00000000000000 00000000000000 00000000000000
11110000000000 00011100000000 00000000111000 00000000000000 11000011000011 00000000000000 00000000000000 00000000000000
11100000000000 00011100000000 00000000111000 00000000000000 11000000000011 00000000000000 00000000000000 00000000000000
11100000000000 00011100000000 00000000111000 00000000000000 11000000000011 00000000000000 00000000000000 00000000000000
11111111111111 00011111111100 00111111111000 11111111111111 11000000000011 00000000000000 00000000000000 00000000000000
11111111111111 00011111111100 00111111111000 11111111111111 11111111111111 00000000000000 00000000000000 00000000000000
11111111111111 00011111111100 00111111111000 11111111111111 11111111111111 00000000000000 00000000000000 00000000000000
00000000000000 00000000000000 00000000000000 00000000000000 00000000000000 00000000000000 00000000000000 00000000000000
00000000000000 00000000000000 00000000000000 00000000000000 00000000000000 00000000000000 00000000000000 00000000000000
