00000000000000000000 00000000000000000000 00000000000000000000 00000000000000000011 00000001111110000000 00000000111100000000 00000001111110000000 00000001111110000000
00000000000000000000 00000000000000000000 00000000000000000000 00000000000000000011 00000011111111000000 00000001111100000000 00000011111111000000 00000011111111000000
00000000000000000000 00011110000001111000 00000000000000000000 00000000000000000111 00000111111111100000 00000011111100000000 00000111111111100000 00000111111111100000
00000000000000000000 00011110000001111000 00000000000000000000 00000000000000000111 00001111111111110000 00000111111100000000 00001111111111110000 00001111111111110000
00000000000000000000 00011110000001111000 00000000000000000000 00000000000000001111 00011111100111111000 00001111111100000000 00011111100111111000 00011111100111111000
00000000000000000000 00011110000001111000 00000000000000000000 00000000000000001111 00111111000011111100 00011111111100000000 00111111000011111100 00111111000011111100
00000000000000000000 00011110000001111000 00000000000000000000 00000000000000011111 01111110000001111110 00111111111100000000 01111110000001111110 01111110000001111110
00000000000000000000 00011110000001111000 00000000000000000000 00000000000000011111 11111100000000111111 01111110111100000000 11111100000000111111 11111100000000111111
00000000000000000000 00011110000001111000 00000000000000000000 00000000000000111110 11111000000000011111 11111100111100000000 11111000000000011111 11111000000000011111
00000000000000000000 00011110000001111000 00000000000000000000 00000000000000111110 11110000000000011111 11111000111100000000 11110000000000001111 11110000000000001111
00000000000000000000 00011110000001111000 00000000000000000000 00000000000001111100 11110000000000111111 11110000111100000000 00000000000000001111 00000000000000001111
00000000000000000000 00011110000001111000 00000000000000000000 00000000000001111100 11110000000000111111 11100000111100000000 00000000000000001111 00000000000000001111
00000000000000000000 00011110000001111000 00000000000000000000 00000000000011111000 11110000000001111111 00000000111100000000 00000000000000001111 00000000000000001111
00000000000000000000 00011110000001111000 00000000000000000000 00000000000011111000 11110000000001111111 00000000111100000000 00000000000000001111 00000000000000001111
00000000000000000000 00011110000001111000 00000000000000000000 00000000000111110000 11110000000011101111 00000000111100000000 00000000000000001111 00000000000000001111
00000000000000000000 11111111111111111111 00000000000000000000 00000000000111110000 11110000000011101111 00000000111100000000 00000000000000011111 00000000000000011111
00000000000000000000 11111111111111111111 00000000000000000000 00000000001111100000 11110000000111001111 00000000111100000000 00000000000000111111 00000000000000111111
00000000000000000000 11111111111111111111 00000000000000000000 00000000001111100000 11110000000111001111 00000000111100000000 00000000000001111110 00000000000001111110
00000000000000000000 11111111111111111111 00000000000000000000 00000000011111000000 11110000001110001111 00000000111100000000 00000000000011111100 00000000000011111100
00000000000000000000 00011110000001111000 00000000000000000000 00000000011111000000 11110000001110001111 00000000111100000000 00000000000111111000 00000000000111111000
00000000000000000000 00011110000001111000 01111111111111111110 00000000111110000000 11110000011100001111 00000000111100000000 00000000001111110000 00000000001111110000
00000000000000000000 00011110000001111000 01111111111111111110 00000000111110000000 11110000011100001111 00000000111100000000 00000000011111100000 00000000001111100000
00000000000000000000 00011110000001111000 01111111111111111110 00000001111100000000 11110000111000001111 00000000111100000000 00000000111111000000 00000000001111100000
00000000000000000000 00011110000001111000 01111111111111111110 00000001111100000000 11110000111000001111 00000000111100000000 00000001111110000000 00000000001111110000
00000000000000000000 00011110000001111000 00000000000000000000 00000011111000000000 11110001110000001111 00000000111100000000 00000011111100000000 00000000000111111000
00000000000000000000 11111111111111111111 00000000000000000000 00000011111000000000 11110001110000001111 00000000111100000000 00000111111000000000 00000000000011111100
00000000000000000000 11111111111111111111 00000000000000000000 00000111110000000000 11110011100000001111 00000000111100000000 00001111110000000000 00000000000001111110
00000000000000000000 11111111111111111111 00000000000000000000 00000111110000000000 11110011100000001111 00000000111100000000 00011111100000000000 00000000000000111111
00000000000000000000 11111111111111111111 00000000000000000000 00001111100000000000 11110111000000001111 00000000111100000000 00111111000000000000 00000000000000011111
00000000000000000000 00011110000001111000 00000000000000000000 00001111100000000000 11110111000000001111 00000000111100000000 01111110000000000000 00000000000000001111
00000000000000000000 00011110000001111000 00000000000000000000 00011111000000000000 11111110000000001111 00000000111100000000 11111100000000000000 00000000000000001111
00000000000000000000 00011110000001111000 00000000000000000000 00011111000000000000 11111110000000001111 00000000111100000000 11111000000000000000 00000000000000001111
00000000000000000000 00011110000001111000 00000000000000000000 00111110000000000000 11111100000000001111 00000000111100000000 11110000000000000000 00000000000000001111
00000000000000000000 00011110000001111000 00000000000000000000 00111110000000000000 11111100000000001111 00000000111100000000 11110000000000000000 00000000000000001111
00000000000000000000 00011110000001111000 00000000000000000000 01111100000000000000 11111000000000001111 00000000111100000000 11110000000000000000 11110000000000001111
00000000000000000000 00011110000001111000 00000000000000000000 01111100000000000000 11111000000000011111 00000000111100000000 11110000000000000000 11111000000000011111
00000000000000000000 00011110000001111000 00000000000000000000 11111000000000000000 11111100000000111111 00000000111100000000 11110000000000000000 11111100000000111111
00000000000000000000 00011110000001111000 00000000000000000000 11111000000000000000 01111110000001111110 00000000111100000000 11110000000000000000 01111110000001111110
00000000000000000000 00011110000001111000 00000000000000000000 11110000000000000000 00111111000011111100 00000000111100000000 11110000000000000000 00111111000011111100
00000000000000000000 00011110000001111000 00000000000000000000 11110000000000000000 00011111100111111000 00000000111100000000 11110000000000000000 00011111100111111000
00000000000000000000 00011110000001111000 00000000000000000000 11100000000000000000 00001111111111110000 11111111111111111111 11111111111111111111 00001111111111110000
00000000000000000000 00011110000001111000 00000000000000000000 11100000000000000000 00000111111111100000 11111111111111111111 11111111111111111111 00000111111111100000
00000000000000000000 00000000000000000000 00000000000000000000 11000000000000000000 00000011111111000000 11111111111111111111 11111111111111111111 00000011111111000000
00000000000000000000 00000000000000000000 00000000000000000000 11000000000000000000 00000001111110000000 11111111111111111111 11111111111111111111 00000001111110000000
00000000000000000000 00000000000000000000 00000000000000000000 00000000000000000000 00000000000000000000 00000000000000000000 00000000000000000000 00000000000000000000
00000000000000000000 00000000000000000000 00000000000000000000 00000000000000000000 00000000000000000000 00000000000000000000 00000000000000000000 00000000000000000000
                                                                                   
00000000000000111100 11111111111111111111 00000001111110000000 11111111111111111111 00000001111110000000 00000001111110000000 00000000000000000000 00000001111110000000
00000000000001111100 11111111111111111111 00000011111111000000 11111111111111111111 00000011111111000000 00000011111111000000 00000000000000000000 00000011111111000000
00000000000011111100 11111111111111111111 00000111111111100000 11111111111111111111 00000111111111100000 00000111111111100000 00000000000000000000 00000111111111100000
00000000000111111100 11111111111111111111 00001111111111110000 11111111111111111111 00001111111111110000 00001111111111110000 00000000000000000000 00001111111111110000
00000000001111111100 11110000000000000000 00011111100111111000 00000000000000001111 00011111100111111000 00011111100111111000 00000000000000000000 00011111100111111000
00000000011111111100 11110000000000000000 00111111000011111100 00000000000000001111 00111111000011111100 00111111000011111100 00000000000000000000 00111111000011111100
00000000111111111100 11110000000000000000 01111110000001111110 00000000000000011111 01111110000001111110 01111110000001111110 00000000000000000000 01111110000001111110
00000001111110111100 11110000000000000000 11111100000000111111 00000000000000011111 11111100000000111111 11111100000000111111 00000000000000000000 11111100000000111111
00000011111100111100 11110000000000000000 11111000000000011111 00000000000000111110 11111000000000011111 11111000000000011111 00000000000000000000 11111000000000011111
00000111111000111100 11110000000000000000 11110000000000001111 00000000000000111110 11110000000000001111 11110000000000001111 00000000000000000000 11110000000000001111
00001111110000111100 11110000000000000000 11110000000000000000 00000000000001111100 11110000000000001111 11110000000000001111 00000000000000000000 11110000000000001111
00011111100000111100 11110000000000000000 11110000000000000000 00000000000001111100 11110000000000001111 11110000000000001111 00000000000000000000 11110000000000001111
00111111000000111100 11110000000000000000 11110000000000000000 00000000000011111000 11110000000000001111 11110000000000001111 00000000000000000000 11110000000000001111
01111110000000111100 11111111111000000000 11110000000000000000 00000000000011111000 11110000000000001111 11110000000000001111 00000000111100000000 11110000000000001111
11111100000000111100 11111111111100000000 11110000000000000000 00000000000111110000 11110000000000001111 11110000000000001111 00000001111110000000 11110000000000001111
11111000000000111100 11111111111110000000 11110000000000000000 00000000000111110000 11111000000000011111 11111000000000001111 00000001111110000000 11110000000000001111
11110000000000111100 11111111111111000000 11110000000000000000 00000000001111100000 11111100000000111111 11111100000000001111 00000001111110000000 11110000000000001111
11110000000000111100 00000000011111100000 11110000000000000000 00000000001111100000 01111110000001111110 01111110000000001111 00000001111110000000 11110000000000001111
11110000000000111100 00000000001111110000 11110000000000000000 00000000011111000000 00111111000011111100 00111111000000001111 00000000111100000000 11110000000000001111
11110000000000111100 00000000000111111000 11110000000000000000 00000000011111000000 00011111100111111000 00011111100000001111 00000000000000000000 11110000000000001111
11111111111111111111 00000000000011111100 11111111111111000000 00000000111110000000 00001111111111110000 00001111111111111111 00000000000000000000 11111111111111111111
11111111111111111111 00000000000001111110 11111111111111100000 00000000111110000000 00000111111111100000 00000111111111111111 00000000000000000000 11111111111111111111
11111111111111111111 00000000000000111111 11111111111111110000 00000000111100000000 00000111111111100000 00000011111111111111 00000000000000000000 11111111111111111111
11111111111111111111 00000000000000011111 11111111111111111000 00000000111100000000 00001111111111110000 00000001111111111111 00000000000000000000 11111111111111111111
00000000000000111100 00000000000000001111 11110000000011111100 00000000111100000000 00011111100111111000 00000000000000001111 00000000000000000000 11110000000000001111
00000000000000111100 00000000000000001111 11110000000001111110 00000000111100000000 00111111000011111100 00000000000000001111 00000000111100000000 11110000000000001111
00000000000000111100 00000000000000001111 11110000000000111111 00000000111100000000 01111110000001111110 00000000000000001111 00000001111110000000 11110000000000001111
00000000000000111100 00000000000000001111 11110000000000011111 00000000111100000000 11111100000000111111 00000000000000001111 00000001111110000000 11110000000000001111
00000000000000111100 00000000000000001111 11110000000000001111 00000000111100000000 11111000000000011111 00000000000000001111 00000001111110000000 11110000000000001111
00000000000000111100 00000000000000001111 11110000000000001111 00000000111100000000 11110000000000001111 00000000000000001111 00000001111110000000 11110000000000001111
00000000000000111100 00000000000000001111 11110000000000001111 00000000111100000000 11110000000000001111 00000000000000001111 00000000111100000000 11110000000000001111
00000000000000111100 00000000000000001111 11110000000000001111 00000000111100000000 11110000000000001111 00000000000000001111 00000000000000000000 11110000000000001111
00000000000000111100 00000000000000001111 11110000000000001111 00000000111100000000 11110000000000001111 00000000000000001111 00000000000000000000 11110000000000001111
00000000000000111100 00000000000000001111 11110000000000001111 00000000111100000000 11110000000000001111 00000000000000001111 00000000000000000000 11110000000000001111
00000000000000111100 11110000000000001111 11110000000000001111 00000000111100000000 11110000000000001111 11110000000000001111 00000000000000000000 11110000000000001111
00000000000000111100 11111000000000011111 11111000000000011111 00000000111100000000 11111000000000011111 11111000000000011111 00000000000000000000 11110000000000001111
00000000000000111100 11111100000000111111 11111100000000111111 00000000111100000000 11111100000000111111 11111100000000111111 00000000000000000000 11110000000000001111
00000000000000111100 01111110000001111110 01111110000001111110 00000000111100000000 01111110000001111110 01111110000001111110 00000000000000000000 11110000000000001111
00000000000000111100 00111111000011111100 00111111000011111100 00000000111100000000 00111111000011111100 00111111000011111100 00000000000000000000 11110000000000001111
00000000000000111100 00011111100111111000 00011111100111111000 00000000111100000000 00011111100111111000 00011111100111111000 00000000000000000000 11110000000000001111
00000000000000111100 00001111111111110000 00001111111111110000 00000000111100000000 00001111111111110000 00001111111111110000 00000000000000000000 11110000000000001111
00000000000000111100 00000111111111100000 00000111111111100000 00000000111100000000 00000111111111100000 00000111111111100000 00000000000000000000 11110000000000001111
00000000000000111100 00000011111111000000 00000011111111000000 00000000111100000000 00000011111111000000 00000011111111000000 00000000000000000000 11110000000000001111
00000000000000111100 00000001111110000000 00000001111110000000 00000000111100000000 00000001111110000000 00000001111110000000 00000000000000000000 11110000000000001111
00000000000000000000 00000000000000000000 00000000000000000000 00000000000000000000 00000000000000000000 00000000000000000000 00000000000000000000 00000000000000000000
00000000000000000000 00000000000000000000 00000000000000000000 00000000000000000000 00000000000000000000 00000000000000000000 00000000000000000000 00000000000000000000
                                                                                   
11111111111110000000 00000001111110000000 11111111111110000000 11111111111111111111 11111111111111111111 00000001111110000000 11110000000000001111 11111111111111111111
11111111111111000000 00000011111111000000 11111111111111000000 11111111111111111111 11111111111111111111 00000011111111000000 11110000000000001111 11111111111111111111
11111111111111100000 00000111111111100000 11111111111111100000 11111111111111111111 11111111111111111111 00000111111111100000 11110000000000001111 11111111111111111111
11111111111111110000 00001111111111110000 11111111111111110000 11111111111111111111 11111111111111111111 00001111111111110000 11110000000000001111 11111111111111111111
11110000000111111000 00011111100111111000 11110000000111111000 11110000000000000000 11110000000000000000 00011111100111111000 11110000000000001111 00000000111100000000
11110000000011111100 00111111000011111100 11110000000011111100 11110000000000000000 11110000000000000000 00111111000011111100 11110000000000001111 00000000111100000000
11110000000001111110 01111110000001111110 11110000000001111110 11110000000000000000 11110000000000000000 01111110000001111110 11110000000000001111 00000000111100000000
11110000000000111111 11111100000000111111 11110000000000111111 11110000000000000000 11110000000000000000 11111100000000111111 11110000000000001111 00000000111100000000
11110000000000011111 11111000000000011111 11110000000000011111 11110000000000000000 11110000000000000000 11111000000000011111 11110000000000001111 00000000111100000000
11110000000000001111 11110000000000001111 11110000000000001111 11110000000000000000 11110000000000000000 11110000000000001111 11110000000000001111 00000000111100000000
11110000000000001111 11110000000000000000 11110000000000001111 11110000000000000000 11110000000000000000 11110000000000000000 11110000000000001111 00000000111100000000
11110000000000001111 11110000000000000000 11110000000000001111 11110000000000000000 11110000000000000000 11110000000000000000 11110000000000001111 00000000111100000000
11110000000000001111 11110000000000000000 11110000000000001111 11110000000000000000 11110000000000000000 11110000000000000000 11110000000000001111 00000000111100000000
11110000000000001111 11110000000000000000 11110000000000001111 11110000000000000000 11110000000000000000 11110000000000000000 11110000000000001111 00000000111100000000
11110000000000001111 11110000000000000000 11110000000000001111 11110000000000000000 11110000000000000000 11110000000000000000 11110000000000001111 00000000111100000000
11110000000000011111 11110000000000000000 11110000000000001111 11110000000000000000 11110000000000000000 11110000000000000000 11110000000000001111 00000000111100000000
11110000000000111111 11110000000000000000 11110000000000001111 11110000000000000000 11110000000000000000 11110000000000000000 11110000000000001111 00000000111100000000
11110000000001111110 11110000000000000000 11110000000000001111 11110000000000000000 11110000000000000000 11110000000000000000 11110000000000001111 00000000111100000000
11110000000011111100 11110000000000000000 11110000000000001111 11110000000000000000 11110000000000000000 11110000000000000000 11110000000000001111 00000000111100000000
11110000000111111000 11110000000000000000 11110000000000001111 11110000000000000000 11110000000000000000 11110000000000000000 11110000000000001111 00000000111100000000
11111111111111110000 11110000000000000000 11110000000000001111 11111111111100000000 11111111111100000000 11110000111111111111 11111111111111111111 00000000111100000000
11111111111111100000 11110000000000000000 11110000000000001111 11111111111100000000 11111111111100000000 11110000111111111111 11111111111111111111 00000000111100000000
11111111111111100000 11110000000000000000 11110000000000001111 11111111111100000000 11111111111100000000 11110000111111111111 11111111111111111111 00000000111100000000
11111111111111110000 11110000000000000000 11110000000000001111 11111111111100000000 11111111111100000000 11110000111111111111 11111111111111111111 00000000111100000000
11110000000111111000 11110000000000000000 11110000000000001111 11110000000000000000 11110000000000000000 11110000000000001111 11110000000000001111 00000000111100000000
11110000000011111100 11110000000000000000 11110000000000001111 11110000000000000000 11110000000000000000 11110000000000001111 11110000000000001111 00000000111100000000
11110000000001111110 11110000000000000000 11110000000000001111 11110000000000000000 11110000000000000000 11110000000000001111 11110000000000001111 00000000111100000000
11110000000000111111 11110000000000000000 11110000000000001111 11110000000000000000 11110000000000000000 11110000000000001111 11110000000000001111 00000000111100000000
11110000000000011111 11110000000000000000 11110000000000001111 11110000000000000000 11110000000000000000 11110000000000001111 11110000000000001111 00000000111100000000
11110000000000001111 11110000000000000000 11110000000000001111 11110000000000000000 11110000000000000000 11110000000000001111 11110000000000001111 00000000111100000000
11110000000000001111 11110000000000000000 11110000000000001111 11110000000000000000 11110000000000000000 11110000000000001111 11110000000000001111 00000000111100000000
11110000000000001111 11110000000000000000 11110000000000001111 11110000000000000000 11110000000000000000 11110000000000001111 11110000000000001111 00000000111100000000
11110000000000001111 11110000000000000000 11110000000000001111 11110000000000000000 11110000000000000000 11110000000000001111 11110000000000001111 00000000111100000000
11110000000000001111 11110000000000000000 11110000000000001111 11110000000000000000 11110000000000000000 11110000000000001111 11110000000000001111 00000000111100000000
11110000000000001111 11110000000000001111 11110000000000001111 11110000000000000000 11110000000000000000 11110000000000001111 11110000000000001111 00000000111100000000
11110000000000011111 11111000000000011111 11110000000000011111 11110000000000000000 11110000000000000000 11111000000000011111 11110000000000001111 00000000111100000000
11110000000000111111 11111100000000111111 11110000000000111111 11110000000000000000 11110000000000000000 11111100000000111111 11110000000000001111 00000000111100000000
11110000000001111110 01111110000001111110 11110000000001111110 11110000000000000000 11110000000000000000 01111110000001111110 11110000000000001111 00000000111100000000
11110000000011111100 00111111000011111100 11110000000011111100 11110000000000000000 11110000000000000000 00111111000011111100 11110000000000001111 00000000111100000000
11110000000111111000 00011111100111111000 11110000000111111000 11110000000000000000 11110000000000000000 00011111100111111000 11110000000000001111 00000000111100000000
11111111111111110000 00001111111111110000 11111111111111110000 11111111111111111111 11110000000000000000 00001111111111110000 11110000000000001111 11111111111111111111
11111111111111100000 00000111111111100000 11111111111111100000 11111111111111111111 11110000000000000000 00000111111111100000 11110000000000001111 11111111111111111111
11111111111111000000 00000011111111000000 11111111111111000000 11111111111111111111 11110000000000000000 00000011111111000000 11110000000000001111 11111111111111111111
11111111111110000000 00000001111110000000 11111111111110000000 11111111111111111111 11110000000000000000 00000001111110000000 11110000000000001111 11111111111111111111
00000000000000000000 00000000000000000000 00000000000000000000 00000000000000000000 00000000000000000000 00000000000000000000 00000000000000000000 00000000000000000000
00000000000000000000 00000000000000000000 00000000000000000000 00000000000000000000 00000000000000000000 00000000000000000000 00000000000000000000 00000000000000000000
                                                                                   
00000000000000001111 11110000000000001111 11110000000000000000 11110000000000001111 11110000000000001111 00000001111110000000 11111111111110000000 00000001111110000000
00000000000000001111 11110000000000001111 11110000000000000000 11110000000000001111 11111000000000001111 00000011111111000000 11111111111111000000 00000011111111000000
00000000000000001111 11110000000000011111 11110000000000000000 11111000000000011111 11111000000000001111 00000111111111100000 11111111111111100000 00000111111111100000
00000000000000001111 11110000000000111111 11110000000000000000 11111000000000011111 11111000000000001111 00001111111111110000 11111111111111110000 00001111111111110000
00000000000000001111 11110000000000111110 11110000000000000000 11111100000000111111 11111100000000001111 00011111100111111000 11110000000111111000 00011111100111111000
00000000000000001111 11110000000001111100 11110000000000000000 11111100000000111111 11111100000000001111 00111111000011111100 11110000000011111100 00111111000011111100
00000000000000001111 11110000000011111100 11110000000000000000 11111110000001111111 11111100000000001111 01111110000001111110 11110000000001111110 01111110000001111110
00000000000000001111 11110000000011111000 11110000000000000000 11111110000001111111 11111110000000001111 11111100000000111111 11110000000000111111 11111100000000111111
00000000000000001111 11110000000111110000 11110000000000000000 11111111000011111111 11111110000000001111 11111000000000011111 11110000000000011111 11111000000000011111
00000000000000001111 11110000001111110000 11110000000000000000 11110111000011101111 11111110000000001111 11110000000000001111 11110000000000001111 11110000000000001111
00000000000000001111 11110000001111100000 11110000000000000000 11110111100111101111 11111111000000001111 11110000000000001111 11110000000000001111 11110000000000001111
00000000000000001111 11110000011111000000 11110000000000000000 11110011111111001111 11110111000000001111 11110000000000001111 11110000000000001111 11110000000000001111
00000000000000001111 11110000111111000000 11110000000000000000 11110011111111001111 11110111000000001111 11110000000000001111 11110000000000001111 11110000000000001111
00000000000000001111 11110000111110000000 11110000000000000000 11110001111110001111 11110011100000001111 11110000000000001111 11110000000000001111 11110000000000001111
00000000000000001111 11110001111100000000 11110000000000000000 11110001111110001111 11110011100000001111 11110000000000001111 11110000000000001111 11110000000000001111
00000000000000001111 11110011111100000000 11110000000000000000 11110000111100001111 11110011100000001111 11110000000000001111 11110000000000011111 11110000000000001111
00000000000000001111 11110011111000000000 11110000000000000000 11110000111100001111 11110011110000001111 11110000000000001111 11110000000000111111 11110000000000001111
00000000000000001111 11110111110000000000 11110000000000000000 11110000011000001111 11110001110000001111 11110000000000001111 11110000000001111110 11110000000000001111
00000000000000001111 11111111110000000000 11110000000000000000 11110000011000001111 11110001110000001111 11110000000000001111 11110000000011111100 11110000000000001111
00000000000000001111 11111111100000000000 11110000000000000000 11110000000000001111 11110001111000001111 11110000000000001111 11110000000111111000 11110000000000001111
00000000000000001111 11111111000000000000 11110000000000000000 11110000000000001111 11110000111000001111 11110000000000001111 11111111111111110000 11110000000000001111
00000000000000001111 11111111000000000000 11110000000000000000 11110000000000001111 11110000111000001111 11110000000000001111 11111111111111100000 11110000000000001111
00000000000000001111 11111111000000000000 11110000000000000000 11110000000000001111 11110000111100001111 11110000000000001111 11111111111111000000 11110000000000001111
00000000000000001111 11111111000000000000 11110000000000000000 11110000000000001111 11110000011100001111 11110000000000001111 11111111111110000000 11110000000000001111
00000000000000001111 11111111100000000000 11110000000000000000 11110000000000001111 11110000011100001111 11110000000000001111 11110000000000000000 11110000000000001111
00000000000000001111 11111111110000000000 11110000000000000000 11110000000000001111 11110000011110001111 11110000000000001111 11110000000000000000 11110000000000001111
00000000000000001111 11110011110000000000 11110000000000000000 11110000000000001111 11110000001110001111 11110000000000001111 11110000000000000000 11110000000000001111
00000000000000001111 11110011111000000000 11110000000000000000 11110000000000001111 11110000001110001111 11110000000000001111 11110000000000000000 11110000000000001111
00000000000000001111 11110011111100000000 11110000000000000000 11110000000000001111 11110000001111001111 11110000000000001111 11110000000000000000 11110000000000001111
00000000000000001111 11110001111100000000 11110000000000000000 11110000000000001111 11110000000111001111 11110000000000001111 11110000000000000000 11110000000000001111
00000000000000001111 11110000111110000000 11110000000000000000 11110000000000001111 11110000000111001111 11110000000000001111 11110000000000000000 11110000000000001111
00000000000000001111 11110000111111000000 11110000000000000000 11110000000000001111 11110000000111101111 11110000000000001111 11110000000000000000 11110000000000001111
00000000000000001111 11110000011111000000 11110000000000000000 11110000000000001111 11110000000011101111 11110000000000001111 11110000000000000000 11110000000000001111
00000000000000001111 11110000001111100000 11110000000000000000 11110000000000001111 11110000000011101111 11110000000000001111 11110000000000000000 11110000001110001111
11110000000000001111 11110000001111110000 11110000000000000000 11110000000000001111 11110000000011111111 11110000000000001111 11110000000000000000 11110000001111001111
11111000000000011111 11110000000111110000 11110000000000000000 11110000000000001111 11110000000001111111 11111000000000011111 11110000000000000000 11111000001111111111
11111100000000111111 11110000000011111000 11110000000000000000 11110000000000001111 11110000000001111111 11111100000000111111 11110000000000000000 11111100000111111111
01111110000001111110 11110000000011111100 11110000000000000000 11110000000000001111 11110000000001111111 01111110000001111110 11110000000000000000 01111110000011111110
00111111000011111100 11110000000001111100 11110000000000000000 11110000000000001111 11110000000000111111 00111111000011111100 11110000000000000000 00111111000011111100
00011111100111111000 11110000000000111110 11110000000000000000 11110000000000001111 11110000000000111111 00011111100111111000 11110000000000000000 00011111100111111100
00001111111111110000 11110000000000111111 11111111111111111111 11110000000000001111 11110000000000011111 00001111111111110000 11110000000000000000 00001111111111111110
00000111111111100000 11110000000000011111 11111111111111111111 11110000000000001111 11110000000000011111 00000111111111100000 11110000000000000000 00000111111111101111
00000011111111000000 11110000000000001111 11111111111111111111 11110000000000001111 11110000000000011111 00000011111111000000 11110000000000000000 00000011111111001111
00000001111110000000 11110000000000001111 11111111111111111111 11110000000000001111 11110000000000001111 00000001111110000000 11110000000000000000 00000001111110000111
00000000000000000000 00000000000000000000 00000000000000000000 00000000000000000000 00000000000000000000 00000000000000000000 00000000000000000000 00000000000000000000
00000000000000000000 00000000000000000000 00000000000000000000 00000000000000000000 00000000000000000000 00000000000000000000 00000000000000000000 00000000000000000000
                                                                                   
11111111111110000000 00000001111110000000 11111111111111111111 11110000000000001111 11110000000000001111 11110000000000001111 11110000000000001111 11110000000000001111
11111111111111000000 00000011111111000000 11111111111111111111 11110000000000001111 11110000000000001111 11110000000000001111 11110000000000001111 11110000000000001111
11111111111111100000 00000111111111100000 11111111111111111111 11110000000000001111 11110000000000001111 11110000000000001111 11110000000000001111 11110000000000001111
11111111111111110000 00001111111111110000 11111111111111111111 11110000000000001111 11110000000000001111 11110000000000001111 11110000000000001111 11110000000000001111
11110000000111111000 00011111100111111000 00000000111100000000 11110000000000001111 11110000000000001111 11110000000000001111 11110000000000001111 11110000000000001111
11110000000011111100 00111111000011111100 00000000111100000000 11110000000000001111 11110000000000001111 11110000000000001111 11111000000000011111 11111000000000011111
11110000000001111110 01111110000001111110 00000000111100000000 11110000000000001111 11110000000000001111 11110000000000001111 11111000000000011111 11111000000000011111
11110000000000111111 11111100000000111111 00000000111100000000 11110000000000001111 11110000000000001111 11110000000000001111 01111100000000111110 01111100000000111110
11110000000000011111 11111000000000011111 00000000111100000000 11110000000000001111 11110000000000001111 11110000000000001111 01111100000000111110 01111100000000111110
11110000000000001111 11110000000000001111 00000000111100000000 11110000000000001111 11110000000000001111 11110000000000001111 00111110000001111100 00111110000001111100
11110000000000001111 11110000000000000000 00000000111100000000 11110000000000001111 11110000000000001111 11110000000000001111 00111110000001111100 00111110000001111100
11110000000000001111 11110000000000000000 00000000111100000000 11110000000000001111 11110000000000001111 11110000000000001111 00011111000011111000 00011111000011111000
11110000000000001111 11110000000000000000 00000000111100000000 11110000000000001111 11110000000000001111 11110000000000001111 00011111000011111000 00011111000011111000
11110000000000001111 11111000000000000000 00000000111100000000 11110000000000001111 11110000000000001111 11110000000000001111 00001111100111110000 00001111100111110000
11110000000000011111 11111100000000000000 00000000111100000000 11110000000000001111 11110000000000001111 11110000000000001111 00001111100111110000 00001111100111110000
11110000000000111111 01111110000000000000 00000000111100000000 11110000000000001111 11110000000000001111 11110000000000001111 00000111111111100000 00000111111111100000
11110000000001111110 00111111000000000000 00000000111100000000 11110000000000001111 11110000000000001111 11110000000000001111 00000111111111100000 00000111111111100000
11110000000011111100 00011111100000000000 00000000111100000000 11110000000000001111 11110000000000001111 11110000000000001111 00000011111111000000 00000011111111000000
11110000000111111000 00001111110000000000 00000000111100000000 11110000000000001111 11110000000000001111 11110000000000001111 00000011111111000000 00000011111111000000
11110000001111110000 00000111111000000000 00000000111100000000 11110000000000001111 11110000000000001111 11110000000000001111 00000001111110000000 00000001111110000000
11111111111111100000 00000011111100000000 00000000111100000000 11110000000000001111 01110000000000001110 11110000000000001111 00000001111110000000 00000001111110000000
11111111111111000000 00000001111110000000 00000000111100000000 11110000000000001111 01110000000000001110 11110000000000001111 00000000111100000000 00000000111100000000
11111111111110000000 00000000111111000000 00000000111100000000 11110000000000001111 01111000000000011110 11110000000000001111 00000000111100000000 00000000111100000000
11111111111100000000 00000000011111100000 00000000111100000000 11110000000000001111 00111000000000011100 11110000000000001111 00000001111110000000 00000000111100000000
11111111111000000000 00000000001111110000 00000000111100000000 11110000000000001111 00111000000000011100 11110000011000001111 00000001111110000000 00000000111100000000
11111111110000000000 00000000000111111000 00000000111100000000 11110000000000001111 00111100000000111100 11110000011000001111 00000001111110000000 00000000111100000000
11110111110000000000 00000000000011111100 00000000111100000000 11110000000000001111 00011100000000111000 11110000111100001111 00000011111111000000 00000000111100000000
11110011111000000000 00000000000001111110 00000000111100000000 11110000000000001111 00011100000000111000 11110000111100001111 00000011111111000000 00000000111100000000
11110011111100000000 00000000000000111111 00000000111100000000 11110000000000001111 00011110000001111000 11110001111110001111 00000111111111100000 00000000111100000000
11110001111100000000 00000000000000011111 00000000111100000000 11110000000000001111 00001110000001110000 11110001111110001111 00000111100111100000 00000000111100000000
11110000111110000000 00000000000000001111 00000000111100000000 11110000000000001111 00001110000001110000 11110011111111001111 00001111100111110000 00000000111100000000
11110000111111000000 00000000000000001111 00000000111100000000 11110000000000001111 00001111000011110000 11110011111111001111 00001111000011110000 00000000111100000000
11110000011111000000 00000000000000001111 00000000111100000000 11110000000000001111 00000111000011100000 11110111100111101111 00011111000011111000 00000000111100000000
11110000001111100000 00000000000000001111 00000000111100000000 11110000000000001111 00000111000011100000 11110111100111101111 00011110000001111000 00000000111100000000
11110000001111110000 11110000000000001111 00000000111100000000 11110000000000001111 00000111100111100000 11111111000011111111 00111110000001111100 00000000111100000000
11110000000111110000 11111000000000011111 00000000111100000000 11111000000000011111 00000011100111000000 11111111000011111111 00111100000000111100 00000000111100000000
11110000000011111000 11111100000000111111 00000000111100000000 11111100000000111111 00000011100111000000 11111110000001111111 01111100000000111110 00000000111100000000
11110000000011111100 01111110000001111110 00000000111100000000 01111110000001111110 00000011111111000000 11111110000001111111 01111000000000011110 00000000111100000000
11110000000001111100 00111111000011111100 00000000111100000000 00111111000011111100 00000001111110000000 11111100000000111111 11111000000000011111 00000000111100000000
11110000000000111110 00011111100111111000 00000000111100000000 00011111100111111000 00000001111110000000 11111100000000111111 11110000000000001111 00000000111100000000
11110000000000111111 00001111111111110000 00000000111100000000 00001111111111110000 00000001111110000000 11111000000000011111 11110000000000001111 00000000111100000000
11110000000000011111 00000111111111100000 00000000111100000000 00000111111111100000 00000000111100000000 11111000000000011111 11110000000000001111 00000000111100000000
11110000000000001111 00000011111111000000 00000000111100000000 00000011111111000000 00000000111100000000 11110000000000001111 11110000000000001111 00000000111100000000
11110000000000001111 00000001111110000000 00000000111100000000 00000001111110000000 00000000111100000000 11110000000000001111 11110000000000001111 00000000111100000000
00000000000000000000 00000000000000000000 00000000000000000000 00000000000000000000 00000000000000000000 00000000000000000000 00000000000000000000 00000000000000000000
00000000000000000000 00000000000000000000 00000000000000000000 00000000000000000000 00000000000000000000 00000000000000000000 00000000000000000000 00000000000000000000
                                                                                   
11111111111111111111 00000000111111111100 00111111111100000000 00000000000000000000 11111111111111111111 00000000000000000000 00000000000000000000 00000000000000000000
11111111111111111111 00000000111111111100 00111111111100000000 00000000000000000000 11111111111111111111 00000000000000000000 00000000000000000000 00000000000000000000
11111111111111111111 00000000111111111100 00111111111100000000 00000000000000000000 11000000000000000011 00000000000000000000 00000000000000000000 00000000000000000000
11111111111111111111 00000000111111111100 00111111111100000000 00000000000000000000 11000000000000000011 00000000000000000000 00000000000000000000 00000000000000000000
00000000000000001111 00000000111100000000 00000000111100000000 00000000000000000000 11000000000000000011 00000000000000000000 00000000000000000000 00000000000000000000
00000000000000001111 00000000111100000000 00000000111100000000 00000000000000000000 11000000000000000011 00000000000000000000 00000000000000000000 00000000000000000000
00000000000000011111 00000000111100000000 00000000111100000000 00000000000000000000 11000011111111000011 00000000000000000000 00000000000000000000 00000000000000000000
00000000000000011111 00000000111100000000 00000000111100000000 00000000000000000000 11000111111111100011 00000000000000000000 00000000000000000000 00000000000000000000
00000000000000111110 00000000111100000000 00000000111100000000 00000000000000000000 11001111111111110011 00000000000000000000 00000000000000000000 00000000000000000000
00000000000000111110 00000000111100000000 00000000111100000000 00000000000000000000 11001111111111110011 00000000000000000000 00000000000000000000 00000000000000000000
00000000000001111100 00000000111100000000 00000000111100000000 00000000000000000000 11001111100111110011 00000000000000000000 00000000000000000000 00000000000000000000
00000000000001111100 00000000111100000000 00000000111100000000 00000000000000000000 11001111000011110011 00000000000000000000 00000000000000000000 00000000000000000000
00000000000011111000 00000000111100000000 00000000111100000000 00000000000000000000 11001111000011110011 00000000000000000000 00000000000000000000 00000000000000000000
00000000000011111000 00000000111100000000 00000000111100000000 00000000000000000000 11001111000011110011 00000000000000000000 00000000000000000000 00000000000000000000
00000000000111110000 00000000111100000000 00000000111100000000 00000000000000000000 11001111000011110011 00000000000000000000 00000000000000000000 00000000000000000000
00000000000111110000 00000000111100000000 00000000111100000000 00000000000000000000 11000000000111110011 00000000000000000000 00000000000000000000 00000000000000000000
00000000001111100000 00000000111100000000 00000000111100000000 00000000000000000000 11000000000111110011 00000000000000000000 00000000000000000000 00000000000000000000
00000000001111100000 00000000111100000000 00000000111100000000 00000000000000000000 11000000001111100011 00000000000000000000 00000000000000000000 00000000000000000000
00000000011111000000 00000000111100000000 00000000111100000000 00000000000000000000 11000000001111100011 00000000000000000000 00000000000000000000 00000000000000000000
00000000011111000000 00000000111100000000 00000000111100000000 00000000000000000000 11000000011111000011 00000000000000000000 00000000000000000000 00000000000000000000
00000000111110000000 00000000111100000000 00000000111100000000 00000000000000000000 11000000111111000011 00000000000000000000 00000000000000000000 00000000000000000000
00000000111110000000 00000000111100000000 00000000111100000000 00000000000000000000 11000000111100000011 00000000000000000000 00000000000000000000 00000000000000000000
00000001111100000000 00000000111100000000 00000000111100000000 00000000000000000000 11000000111100000011 00000000000000000000 00000000000000000000 00000000000000000000
00000001111100000000 00000000111100000000 00000000111100000000 00000000000000000000 11000000111100000011 00000000000000000000 00000000000000000000 00000000000000000000
00000011111000000000 00000000111100000000 00000000111100000000 00000000000000000000 11000000111100000011 00000000000000000000 00000000000000000000 00000000000000000000
00000011111000000000 00000000111100000000 00000000111100000000 00000000000000000000 11000000111100000011 00000000000000000000 00000000000000000000 00000000000000000000
00000111110000000000 00000000111100000000 00000000111100000000 00000000000000000000 11000000111100000011 00000000000000000000 00000000000000000000 00000000000000000000
00000111110000000000 00000000111100000000 00000000111100000000 00000000000000000000 11000000111100000011 00000000000000000000 00000000000000000000 00000000000000000000
00001111100000000000 00000000111100000000 00000000111100000000 00000000000000000000 11000000111100000011 00000000000000000000 00000000000000000000 00000000000000000000
00001111100000000000 00000000111100000000 00000000111100000000 00000000000000000000 11000000111100000011 00000000000000000000 00000000000000000000 00000000000000000000
00011111000000000000 00000000111100000000 00000000111100000000 00000000000000000000 11000000111100000011 00000000000000000000 00000000000000000000 00000000000000000000
00011111000000000000 00000000111100000000 00000000111100000000 00000000000000000000 11000000111100000011 00000000000000000000 00000000000000000000 00000000000000000000
00111110000000000000 00000000111100000000 00000000111100000000 00000000000000000000 11000000000000000011 00000000000000000000 00000000000000000000 00000000000000000000
00111110000000000000 00000000111100000000 00000000111100000000 00000000000000000000 11000000000000000011 00000000000000000000 00000000000000000000 00000000000000000000
01111100000000000000 00000000111100000000 00000000111100000000 00000000000000000000 11000000111100000011 00000000000000000000 00000000000000000000 00000000000000000000
01111100000000000000 00000000111100000000 00000000111100000000 00000000000000000000 11000000111100000011 00000000000000000000 00000000000000000000 00000000000000000000
11111000000000000000 00000000111100000000 00000000111100000000 00000000000000000000 11000000111100000011 00000000000000000000 00000000000000000000 00000000000000000000
11111000000000000000 00000000111100000000 00000000111100000000 00000000000000000000 11000000111100000011 00000000000000000000 00000000000000000000 00000000000000000000
11110000000000000000 00000000111100000000 00000000111100000000 00000000000000000000 11000000000000000011 00000000000000000000 00000000000000000000 00000000000000000000
11110000000000000000 00000000111100000000 00000000111100000000 00000000000000000000 11000000000000000011 00000000000000000000 00000000000000000000 00000000000000000000
11111111111111111111 00000000111111111100 00111111111100000000 11111111111111111111 11000000000000000011 00000000000000000000 00000000000000000000 00000000000000000000
11111111111111111111 00000000111111111100 00111111111100000000 11111111111111111111 11000000000000000011 00000000000000000000 00000000000000000000 00000000000000000000
11111111111111111111 00000000111111111100 00111111111100000000 11111111111111111111 11111111111111111111 00000000000000000000 00000000000000000000 00000000000000000000
11111111111111111111 00000000111111111100 00111111111100000000 11111111111111111111 11111111111111111111 00000000000000000000 00000000000000000000 00000000000000000000
00000000000000000000 00000000000000000000 00000000000000000000 00000000000000000000 00000000000000000000 00000000000000000000 00000000000000000000 00000000000000000000
00000000000000000000 00000000000000000000 00000000000000000000 00000000000000000000 00000000000000000000 00000000000000000000 00000000000000000000 00000000000000000000
