0000000000000000000000 0000000000000000000000 0000000000000000000000 0000000000000000001100 0000001111111100000000 0000000011110000000000 0000001111111100000000 0000001111111100000000
0000000000000000000000 0000000000000000000000 0000000000000000000000 0000000000000000001100 0000011111111110000000 0000000111110000000000 0000011111111110000000 0000011111111110000000
0000000000000000000000 0001111000000111100000 0000000000000000000000 0000000000000000011100 0000111111111111000000 0000001111110000000000 0000111111111111000000 0000111111111111000000
0000000000000000000000 0001111000000111100000 0000000000000000000000 0000000000000000011100 0001111111111111100000 0000011111110000000000 0001111111111111100000 0001111111111111100000
0000000000000000000000 0001111000000111100000 0000000000000000000000 0000000000000000111100 0011111110011111110000 0000111111110000000000 0011111110011111110000 0011111110011111110000
0000000000000000000000 0001111000000111100000 0000000000000000000000 0000000000000000111100 0111111100001111111000 0001111111110000000000 0111111100001111111000 0111111100001111111000
0000000000000000000000 0001111000000111100000 0000000000000000000000 0000000000000001111100 1111111000000111111100 0011111111110000000000 1111111000000111111100 1111111000000111111100
0000000000000000000000 0001111000000111100000 0000000000000000000000 0000000000000001111100 1111110000000011111100 0111111011110000000000 1111110000000011111100 1111110000000011111100
0000000000000000000000 0001111000000111100000 0000000000000000000000 0000000000000011111000 1111100000000001111100 1111110011110000000000 1111100000000001111100 1111100000000001111100
0000000000000000000000 0001111000000111100000 0000000000000000000000 0000000000000011111000 1111000000000001111100 1111100011110000000000 1111000000000000111100 1111000000000000111100
0000000000000000000000 0001111000000111100000 0000000000000000000000 0000000000000111110000 1111000000000011111100 1111000011110000000000 0000000000000000111100 0000000000000000111100
0000000000000000000000 0001111000000111100000 0000000000000000000000 0000000000000111110000 1111000000000011111100 1110000011110000000000 0000000000000000111100 0000000000000000111100
0000000000000000000000 0001111000000111100000 0000000000000000000000 0000000000001111100000 1111000000000111111100 0000000011110000000000 0000000000000000111100 0000000000000000111100
0000000000000000000000 0001111000000111100000 0000000000000000000000 0000000000001111100000 1111000000000111111100 0000000011110000000000 0000000000000000111100 0000000000000000111100
0000000000000000000000 0001111000000111100000 0000000000000000000000 0000000000011111000000 1111000000001111111100 0000000011110000000000 0000000000000000111100 0000000000000000111100
0000000000000000000000 1111111111111111111100 0000000000000000000000 0000000000011111000000 1111000000001110111100 0000000011110000000000 0000000000000001111100 0000000000000001111100
0000000000000000000000 1111111111111111111100 0000000000000000000000 0000000000111110000000 1111000000011100111100 0000000011110000000000 0000000000000011111100 0000000000000011111100
0000000000000000000000 1111111111111111111100 0000000000000000000000 0000000000111110000000 1111000000011100111100 0000000011110000000000 0000000000000111111100 0000000000000111111100
0000000000000000000000 1111111111111111111100 0000000000000000000000 0000000001111100000000 1111000000111000111100 0000000011110000000000 0000000000001111111000 0000000000001111111000
0000000000000000000000 0001111000000111100000 0000000000000000000000 0000000001111100000000 1111000000111000111100 0000000011110000000000 0000000000011111110000 0000000000011111110000
0000000000000000000000 0001111000000111100000 0111111111111111111000 0000000011111000000000 1111000001110000111100 0000000011110000000000 0000000000111111100000 0000000000111111100000
0000000000000000000000 0001111000000111100000 0111111111111111111000 0000000011111000000000 1111000001110000111100 0000000011110000000000 0000000001111111000000 0000000000111111000000
0000000000000000000000 0001111000000111100000 0111111111111111111000 0000000111110000000000 1111000011100000111100 0000000011110000000000 0000000011111110000000 0000000000111111000000
0000000000000000000000 0001111000000111100000 0111111111111111111000 0000000111110000000000 1111000011100000111100 0000000011110000000000 0000000111111100000000 0000000000111111100000
0000000000000000000000 0001111000000111100000 0000000000000000000000 0000001111100000000000 1111000111000000111100 0000000011110000000000 0000001111111000000000 0000000000011111110000
0000000000000000000000 1111111111111111111100 0000000000000000000000 0000001111100000000000 1111000111000000111100 0000000011110000000000 0000011111110000000000 0000000000001111111000
0000000000000000000000 1111111111111111111100 0000000000000000000000 0000011111000000000000 1111001110000000111100 0000000011110000000000 0000111111100000000000 0000000000000111111100
0000000000000000000000 1111111111111111111100 0000000000000000000000 0000011111000000000000 1111001110000000111100 0000000011110000000000 0001111111000000000000 0000000000000011111100
0000000000000000000000 1111111111111111111100 0000000000000000000000 0000111110000000000000 1111011100000000111100 0000000011110000000000 0011111110000000000000 0000000000000001111100
0000000000000000000000 0001111000000111100000 0000000000000000000000 0000111110000000000000 1111111100000000111100 0000000011110000000000 0111111100000000000000 0000000000000000111100
0000000000000000000000 0001111000000111100000 0000000000000000000000 0001111100000000000000 1111111000000000111100 0000000011110000000000 1111111000000000000000 0000000000000000111100
0000000000000000000000 0001111000000111100000 0000000000000000000000 0001111100000000000000 1111111000000000111100 0000000011110000000000 1111110000000000000000 0000000000000000111100
0000000000000000000000 0001111000000111100000 0000000000000000000000 0011111000000000000000 1111110000000000111100 0000000011110000000000 1111100000000000000000 0000000000000000111100
0000000000000000000000 0001111000000111100000 0000000000000000000000 0011111000000000000000 1111110000000000111100 0000000011110000000000 1111000000000000000000 0000000000000000111100
0000000000000000000000 0001111000000111100000 0000000000000000000000 0111110000000000000000 1111100000000000111100 0000000011110000000000 1111000000000000000000 1111000000000000111100
0000000000000000000000 0001111000000111100000 0000000000000000000000 0111110000000000000000 1111100000000001111100 0000000011110000000000 1111000000000000000000 1111100000000001111100
0000000000000000000000 0001111000000111100000 0000000000000000000000 1111100000000000000000 1111110000000011111100 0000000011110000000000 1111000000000000000000 1111110000000011111100
0000000000000000000000 0001111000000111100000 0000000000000000000000 1111100000000000000000 1111111000000111111100 0000000011110000000000 1111000000000000000000 1111111000000111111100
0000000000000000000000 0001111000000111100000 0000000000000000000000 1111000000000000000000 0111111100001111111000 0000000011110000000000 1111000000000000000000 0111111100001111111000
0000000000000000000000 0001111000000111100000 0000000000000000000000 1111000000000000000000 0011111110011111110000 0000000011110000000000 1111000000000000000000 0011111110011111110000
0000000000000000000000 0001111000000111100000 0000000000000000000000 1110000000000000000000 0001111111111111100000 1111111111111111111100 1111111111111111111100 0001111111111111100000
0000000000000000000000 0001111000000111100000 0000000000000000000000 1110000000000000000000 0000111111111111000000 1111111111111111111100 1111111111111111111100 0000111111111111000000
0000000000000000000000 0000000000000000000000 0000000000000000000000 1100000000000000000000 0000011111111110000000 1111111111111111111100 1111111111111111111100 0000011111111110000000
0000000000000000000000 0000000000000000000000 0000000000000000000000 1100000000000000000000 0000001111111100000000 1111111111111111111100 1111111111111111111100 0000001111111100000000
0000000000000000000000 0000000000000000000000 0000000000000000000000 0000000000000000000000 0000000000000000000000 0000000000000000000000 0000000000000000000000 0000000000000000000000
0000000000000000000000 0000000000000000000000 0000000000000000000000 0000000000000000000000 0000000000000000000000 0000000000000000000000 0000000000000000000000 0000000000000000000000
                                                                                           
0000000000000011110000 1111111111111111111100 0000001111111100000000 1111111111111111111100 0000001111111100000000 0000001111111100000000 0000000000000000000000 0000001111111100000000
0000000000000111110000 1111111111111111111100 0000011111111110000000 1111111111111111111100 0000011111111110000000 0000011111111110000000 0000000000000000000000 0000011111111110000000
0000000000001111110000 1111111111111111111100 0000111111111111000000 1111111111111111111100 0000111111111111000000 0000111111111111000000 0000000000000000000000 0000111111111111000000
0000000000011111110000 1111111111111111111100 0001111111111111100000 1111111111111111111100 0001111111111111100000 0001111111111111100000 0000000000000000000000 0001111111111111100000
0000000000111111110000 1111000000000000000000 0011111110011111110000 0000000000000000111100 0011111110011111110000 0011111110011111110000 0000000000000000000000 0011111110011111110000
0000000001111111110000 1111000000000000000000 0111111100001111111000 0000000000000000111100 0111111100001111111000 0111111100001111111000 0000000000000000000000 0111111100001111111000
0000000011111111110000 1111000000000000000000 1111111000000111111100 0000000000000001111100 1111111000000111111100 1111111000000111111100 0000000000000000000000 1111111000000111111100
0000000111111111110000 1111000000000000000000 1111110000000011111100 0000000000000001111100 1111110000000011111100 1111110000000011111100 0000000000000000000000 1111110000000011111100
0000001111111011110000 1111000000000000000000 1111100000000001111100 0000000000000011111000 1111100000000001111100 1111100000000001111100 0000000000000000000000 1111100000000001111100
0000011111110011110000 1111000000000000000000 1111000000000000111100 0000000000000011111000 1111000000000000111100 1111000000000000111100 0000000000000000000000 1111000000000000111100
0000111111100011110000 1111000000000000000000 1111000000000000000000 0000000000000111110000 1111000000000000111100 1111000000000000111100 0000000000000000000000 1111000000000000111100
0001111111000011110000 1111000000000000000000 1111000000000000000000 0000000000000111110000 1111000000000000111100 1111000000000000111100 0000000000000000000000 1111000000000000111100
0011111110000011110000 1111000000000000000000 1111000000000000000000 0000000000001111100000 1111000000000000111100 1111000000000000111100 0000000000000000000000 1111000000000000111100
0111111100000011110000 1111111111100000000000 1111000000000000000000 0000000000001111100000 1111000000000000111100 1111000000000000111100 0000000011110000000000 1111000000000000111100
1111111000000011110000 1111111111110000000000 1111000000000000000000 0000000000011111000000 1111000000000000111100 1111000000000000111100 0000000111111000000000 1111000000000000111100
1111110000000011110000 1111111111111000000000 1111000000000000000000 0000000000011111000000 1111100000000001111100 1111100000000000111100 0000000111111000000000 1111000000000000111100
1111100000000011110000 1111111111111100000000 1111000000000000000000 0000000000111110000000 1111110000000011111100 1111110000000000111100 0000000111111000000000 1111000000000000111100
1111000000000011110000 0000000011111110000000 1111000000000000000000 0000000000111110000000 1111111000000111111100 1111111000000000111100 0000000111111000000000 1111000000000000111100
1111000000000011110000 0000000001111111000000 1111000000000000000000 0000000001111100000000 0111111100001111111000 0111111100000000111100 0000000011110000000000 1111000000000000111100
1111000000000011110000 0000000000111111100000 1111000000000000000000 0000000001111100000000 0011111110011111110000 0011111110000000111100 0000000000000000000000 1111000000000000111100
1111111111111111111100 0000000000011111110000 1111111111111100000000 0000000011111000000000 0001111111111111100000 0001111111111111111100 0000000000000000000000 1111111111111111111100
1111111111111111111100 0000000000001111111000 1111111111111110000000 0000000011111000000000 0000111111111111000000 0000111111111111111100 0000000000000000000000 1111111111111111111100
1111111111111111111100 0000000000000111111100 1111111111111111000000 0000000011110000000000 0000111111111111000000 0000011111111111111100 0000000000000000000000 1111111111111111111100
1111111111111111111100 0000000000000011111100 1111111111111111100000 0000000011110000000000 0001111111111111100000 0000001111111111111100 0000000000000000000000 1111111111111111111100
0000000000000011110000 0000000000000001111100 1111000000011111110000 0000000011110000000000 0011111110011111110000 0000000000000000111100 0000000000000000000000 1111000000000000111100
0000000000000011110000 0000000000000000111100 1111000000001111111000 0000000011110000000000 0111111100001111111000 0000000000000000111100 0000000011110000000000 1111000000000000111100
0000000000000011110000 0000000000000000111100 1111000000000111111100 0000000011110000000000 1111111000000111111100 0000000000000000111100 0000000111111000000000 1111000000000000111100
0000000000000011110000 0000000000000000111100 1111000000000011111100 0000000011110000000000 1111110000000011111100 0000000000000000111100 0000000111111000000000 1111000000000000111100
0000000000000011110000 0000000000000000111100 1111000000000001111100 0000000011110000000000 1111100000000001111100 0000000000000000111100 0000000111111000000000 1111000000000000111100
0000000000000011110000 0000000000000000111100 1111000000000000111100 0000000011110000000000 1111000000000000111100 0000000000000000111100 0000000111111000000000 1111000000000000111100
0000000000000011110000 0000000000000000111100 1111000000000000111100 0000000011110000000000 1111000000000000111100 0000000000000000111100 0000000011110000000000 1111000000000000111100
0000000000000011110000 0000000000000000111100 1111000000000000111100 0000000011110000000000 1111000000000000111100 0000000000000000111100 0000000000000000000000 1111000000000000111100
0000000000000011110000 0000000000000000111100 1111000000000000111100 0000000011110000000000 1111000000000000111100 0000000000000000111100 0000000000000000000000 1111000000000000111100
0000000000000011110000 0000000000000000111100 1111000000000000111100 0000000011110000000000 1111000000000000111100 0000000000000000111100 0000000000000000000000 1111000000000000111100
0000000000000011110000 1111000000000000111100 1111000000000000111100 0000000011110000000000 1111000000000000111100 1111000000000000111100 0000000000000000000000 1111000000000000111100
0000000000000011110000 1111100000000001111100 1111100000000001111100 0000000011110000000000 1111100000000001111100 1111100000000001111100 0000000000000000000000 1111000000000000111100
0000000000000011110000 1111110000000011111100 1111110000000011111100 0000000011110000000000 1111110000000011111100 1111110000000011111100 0000000000000000000000 1111000000000000111100
0000000000000011110000 1111111000000111111100 1111111000000111111100 0000000011110000000000 1111111000000111111100 1111111000000111111100 0000000000000000000000 1111000000000000111100
0000000000000011110000 0111111100001111111000 0111111100001111111000 0000000011110000000000 0111111100001111111000 0111111100001111111000 0000000000000000000000 1111000000000000111100
0000000000000011110000 0011111110011111110000 0011111110011111110000 0000000011110000000000 0011111110011111110000 0011111110011111110000 0000000000000000000000 1111000000000000111100
0000000000000011110000 0001111111111111100000 0001111111111111100000 0000000011110000000000 0001111111111111100000 0001111111111111100000 0000000000000000000000 1111000000000000111100
0000000000000011110000 0000111111111111000000 0000111111111111000000 0000000011110000000000 0000111111111111000000 0000111111111111000000 0000000000000000000000 1111000000000000111100
0000000000000011110000 0000011111111110000000 0000011111111110000000 0000000011110000000000 0000011111111110000000 0000011111111110000000 0000000000000000000000 1111000000000000111100
0000000000000011110000 0000001111111100000000 0000001111111100000000 0000000011110000000000 0000001111111100000000 0000001111111100000000 0000000000000000000000 1111000000000000111100
0000000000000000000000 0000000000000000000000 0000000000000000000000 0000000000000000000000 0000000000000000000000 0000000000000000000000 0000000000000000000000 0000000000000000000000
0000000000000000000000 0000000000000000000000 0000000000000000000000 0000000000000000000000 0000000000000000000000 0000000000000000000000 0000000000000000000000 0000000000000000000000
                                                                                           
1111111111111100000000 0000001111111100000000 1111111111111100000000 1111111111111111111100 1111111111111111111100 0000001111111100000000 1111000000000000111100 1111111111111111111100
1111111111111110000000 0000011111111110000000 1111111111111110000000 1111111111111111111100 1111111111111111111100 0000011111111110000000 1111000000000000111100 1111111111111111111100
1111111111111111000000 0000111111111111000000 1111111111111111000000 1111111111111111111100 1111111111111111111100 0000111111111111000000 1111000000000000111100 1111111111111111111100
1111111111111111100000 0001111111111111100000 1111111111111111100000 1111111111111111111100 1111111111111111111100 0001111111111111100000 1111000000000000111100 1111111111111111111100
1111000000011111110000 0011111110011111110000 1111000000011111110000 1111000000000000000000 1111000000000000000000 0011111110011111110000 1111000000000000111100 0000000011110000000000
1111000000001111111000 0111111100001111111000 1111000000001111111000 1111000000000000000000 1111000000000000000000 0111111100001111111000 1111000000000000111100 0000000011110000000000
1111000000000111111100 1111111000000111111100 1111000000000111111100 1111000000000000000000 1111000000000000000000 1111111000000111111100 1111000000000000111100 0000000011110000000000
1111000000000011111100 1111110000000011111100 1111000000000011111100 1111000000000000000000 1111000000000000000000 1111110000000011111100 1111000000000000111100 0000000011110000000000
1111000000000001111100 1111100000000001111100 1111000000000001111100 1111000000000000000000 1111000000000000000000 1111100000000001111100 1111000000000000111100 0000000011110000000000
1111000000000000111100 1111000000000000111100 1111000000000000111100 1111000000000000000000 1111000000000000000000 1111000000000000111100 1111000000000000111100 0000000011110000000000
1111000000000000111100 1111000000000000000000 1111000000000000111100 1111000000000000000000 1111000000000000000000 1111000000000000000000 1111000000000000111100 0000000011110000000000
1111000000000000111100 1111000000000000000000 1111000000000000111100 1111000000000000000000 1111000000000000000000 1111000000000000000000 1111000000000000111100 0000000011110000000000
1111000000000000111100 1111000000000000000000 1111000000000000111100 1111000000000000000000 1111000000000000000000 1111000000000000000000 1111000000000000111100 0000000011110000000000
1111000000000000111100 1111000000000000000000 1111000000000000111100 1111000000000000000000 1111000000000000000000 1111000000000000000000 1111000000000000111100 0000000011110000000000
1111000000000000111100 1111000000000000000000 1111000000000000111100 1111000000000000000000 1111000000000000000000 1111000000000000000000 1111000000000000111100 0000000011110000000000
1111000000000001111100 1111000000000000000000 1111000000000000111100 1111000000000000000000 1111000000000000000000 1111000000000000000000 1111000000000000111100 0000000011110000000000
1111000000000011111100 1111000000000000000000 1111000000000000111100 1111000000000000000000 1111000000000000000000 1111000000000000000000 1111000000000000111100 0000000011110000000000
1111000000000111111100 1111000000000000000000 1111000000000000111100 1111000000000000000000 1111000000000000000000 1111000000000000000000 1111000000000000111100 0000000011110000000000
1111000000001111111000 1111000000000000000000 1111000000000000111100 1111000000000000000000 1111000000000000000000 1111000000000000000000 1111000000000000111100 0000000011110000000000
1111000000011111110000 1111000000000000000000 1111000000000000111100 1111000000000000000000 1111000000000000000000 1111000000000000000000 1111000000000000111100 0000000011110000000000
1111111111111111100000 1111000000000000000000 1111000000000000111100 1111111111110000000000 1111111111110000000000 1111000011111111111100 1111111111111111111100 0000000011110000000000
1111111111111111000000 1111000000000000000000 1111000000000000111100 1111111111110000000000 1111111111110000000000 1111000011111111111100 1111111111111111111100 0000000011110000000000
1111111111111111000000 1111000000000000000000 1111000000000000111100 1111111111110000000000 1111111111110000000000 1111000011111111111100 1111111111111111111100 0000000011110000000000
1111111111111111100000 1111000000000000000000 1111000000000000111100 1111111111110000000000 1111111111110000000000 1111000011111111111100 1111111111111111111100 0000000011110000000000
1111000000011111110000 1111000000000000000000 1111000000000000111100 1111000000000000000000 1111000000000000000000 1111000000000000111100 1111000000000000111100 0000000011110000000000
1111000000001111111000 1111000000000000000000 1111000000000000111100 1111000000000000000000 1111000000000000000000 1111000000000000111100 1111000000000000111100 0000000011110000000000
1111000000000111111100 1111000000000000000000 1111000000000000111100 1111000000000000000000 1111000000000000000000 1111000000000000111100 1111000000000000111100 0000000011110000000000
1111000000000011111100 1111000000000000000000 1111000000000000111100 1111000000000000000000 1111000000000000000000 1111000000000000111100 1111000000000000111100 0000000011110000000000
1111000000000001111100 1111000000000000000000 1111000000000000111100 1111000000000000000000 1111000000000000000000 1111000000000000111100 1111000000000000111100 0000000011110000000000
1111000000000000111100 1111000000000000000000 1111000000000000111100 1111000000000000000000 1111000000000000000000 1111000000000000111100 1111000000000000111100 0000000011110000000000
1111000000000000111100 1111000000000000000000 1111000000000000111100 1111000000000000000000 1111000000000000000000 1111000000000000111100 1111000000000000111100 0000000011110000000000
1111000000000000111100 1111000000000000000000 1111000000000000111100 1111000000000000000000 1111000000000000000000 1111000000000000111100 1111000000000000111100 0000000011110000000000
1111000000000000111100 1111000000000000000000 1111000000000000111100 1111000000000000000000 1111000000000000000000 1111000000000000111100 1111000000000000111100 0000000011110000000000
1111000000000000111100 1111000000000000000000 1111000000000000111100 1111000000000000000000 1111000000000000000000 1111000000000000111100 1111000000000000111100 0000000011110000000000
1111000000000000111100 1111000000000000111100 1111000000000000111100 1111000000000000000000 1111000000000000000000 1111000000000000111100 1111000000000000111100 0000000011110000000000
1111000000000001111100 1111100000000001111100 1111000000000001111100 1111000000000000000000 1111000000000000000000 1111100000000001111100 1111000000000000111100 0000000011110000000000
1111000000000011111100 1111110000000011111100 1111000000000011111100 1111000000000000000000 1111000000000000000000 1111110000000011111100 1111000000000000111100 0000000011110000000000
1111000000000111111100 1111111000000111111100 1111000000000111111100 1111000000000000000000 1111000000000000000000 1111111000000111111100 1111000000000000111100 0000000011110000000000
1111000000001111111000 0111111100001111111000 1111000000001111111000 1111000000000000000000 1111000000000000000000 0111111100001111111000 1111000000000000111100 0000000011110000000000
1111000000011111110000 0011111110011111110000 1111000000011111110000 1111000000000000000000 1111000000000000000000 0011111110011111110000 1111000000000000111100 0000000011110000000000
1111111111111111100000 0001111111111111100000 1111111111111111100000 1111111111111111111100 1111000000000000000000 0001111111111111100000 1111000000000000111100 1111111111111111111100
1111111111111111000000 0000111111111111000000 1111111111111111000000 1111111111111111111100 1111000000000000000000 0000111111111111000000 1111000000000000111100 1111111111111111111100
1111111111111110000000 0000011111111110000000 1111111111111110000000 1111111111111111111100 1111000000000000000000 0000011111111110000000 1111000000000000111100 1111111111111111111100
1111111111111100000000 0000001111111100000000 1111111111111100000000 1111111111111111111100 1111000000000000000000 0000001111111100000000 1111000000000000111100 1111111111111111111100
0000000000000000000000 0000000000000000000000 0000000000000000000000 0000000000000000000000 0000000000000000000000 0000000000000000000000 0000000000000000000000 0000000000000000000000
0000000000000000000000 0000000000000000000000 0000000000000000000000 0000000000000000000000 0000000000000000000000 0000000000000000000000 0000000000000000000000 0000000000000000000000
                                                                                           
0000000000000000111100 1111000000000000111100 1111000000000000000000 1111000000000000111100 1111000000000000111100 0000001111111100000000 1111111111111100000000 0000001111111100000000
0000000000000000111100 1111000000000000111100 1111000000000000000000 1111000000000000111100 1111100000000000111100 0000011111111110000000 1111111111111110000000 0000011111111110000000
0000000000000000111100 1111000000000001111100 1111000000000000000000 1111100000000001111100 1111100000000000111100 0000111111111111000000 1111111111111111000000 0000111111111111000000
0000000000000000111100 1111000000000011111100 1111000000000000000000 1111100000000001111100 1111100000000000111100 0001111111111111100000 1111111111111111100000 0001111111111111100000
0000000000000000111100 1111000000000011111000 1111000000000000000000 1111110000000011111100 1111110000000000111100 0011111110011111110000 1111000000011111110000 0011111110011111110000
0000000000000000111100 1111000000000111110000 1111000000000000000000 1111110000000011111100 1111110000000000111100 0111111100001111111000 1111000000001111111000 0111111100001111111000
0000000000000000111100 1111000000001111110000 1111000000000000000000 1111111000000111111100 1111110000000000111100 1111111000000111111100 1111000000000111111100 1111111000000111111100
0000000000000000111100 1111000000001111100000 1111000000000000000000 1111111000000111111100 1111111000000000111100 1111110000000011111100 1111000000000011111100 1111110000000011111100
0000000000000000111100 1111000000011111000000 1111000000000000000000 1111111100001111111100 1111111000000000111100 1111100000000001111100 1111000000000001111100 1111100000000001111100
0000000000000000111100 1111000000111111000000 1111000000000000000000 1111011100001110111100 1111111000000000111100 1111000000000000111100 1111000000000000111100 1111000000000000111100
0000000000000000111100 1111000000111110000000 1111000000000000000000 1111011110011110111100 1111111100000000111100 1111000000000000111100 1111000000000000111100 1111000000000000111100
0000000000000000111100 1111000001111100000000 1111000000000000000000 1111001111111100111100 1111011100000000111100 1111000000000000111100 1111000000000000111100 1111000000000000111100
0000000000000000111100 1111000011111100000000 1111000000000000000000 1111001111111100111100 1111011100000000111100 1111000000000000111100 1111000000000000111100 1111000000000000111100
0000000000000000111100 1111000011111000000000 1111000000000000000000 1111000111111000111100 1111001110000000111100 1111000000000000111100 1111000000000000111100 1111000000000000111100
0000000000000000111100 1111000111110000000000 1111000000000000000000 1111000111111000111100 1111001110000000111100 1111000000000000111100 1111000000000000111100 1111000000000000111100
0000000000000000111100 1111001111110000000000 1111000000000000000000 1111000011110000111100 1111001110000000111100 1111000000000000111100 1111000000000001111100 1111000000000000111100
0000000000000000111100 1111001111100000000000 1111000000000000000000 1111000011110000111100 1111001111000000111100 1111000000000000111100 1111000000000011111100 1111000000000000111100
0000000000000000111100 1111011111000000000000 1111000000000000000000 1111000001100000111100 1111000111000000111100 1111000000000000111100 1111000000000111111100 1111000000000000111100
0000000000000000111100 1111111111000000000000 1111000000000000000000 1111000001100000111100 1111000111000000111100 1111000000000000111100 1111000000001111111000 1111000000000000111100
0000000000000000111100 1111111110000000000000 1111000000000000000000 1111000000000000111100 1111000111100000111100 1111000000000000111100 1111000000011111110000 1111000000000000111100
0000000000000000111100 1111111100000000000000 1111000000000000000000 1111000000000000111100 1111000011100000111100 1111000000000000111100 1111111111111111100000 1111000000000000111100
0000000000000000111100 1111111100000000000000 1111000000000000000000 1111000000000000111100 1111000011100000111100 1111000000000000111100 1111111111111111000000 1111000000000000111100
0000000000000000111100 1111111100000000000000 1111000000000000000000 1111000000000000111100 1111000011110000111100 1111000000000000111100 1111111111111110000000 1111000000000000111100
0000000000000000111100 1111111100000000000000 1111000000000000000000 1111000000000000111100 1111000001110000111100 1111000000000000111100 1111111111111100000000 1111000000000000111100
0000000000000000111100 1111111110000000000000 1111000000000000000000 1111000000000000111100 1111000001110000111100 1111000000000000111100 1111000000000000000000 1111000000000000111100
0000000000000000111100 1111111111000000000000 1111000000000000000000 1111000000000000111100 1111000001111000111100 1111000000000000111100 1111000000000000000000 1111000000000000111100
0000000000000000111100 1111001111000000000000 1111000000000000000000 1111000000000000111100 1111000000111000111100 1111000000000000111100 1111000000000000000000 1111000000000000111100
0000000000000000111100 1111001111100000000000 1111000000000000000000 1111000000000000111100 1111000000111000111100 1111000000000000111100 1111000000000000000000 1111000000000000111100
0000000000000000111100 1111001111110000000000 1111000000000000000000 1111000000000000111100 1111000000111100111100 1111000000000000111100 1111000000000000000000 1111000000000000111100
0000000000000000111100 1111000111110000000000 1111000000000000000000 1111000000000000111100 1111000000011100111100 1111000000000000111100 1111000000000000000000 1111000000000000111100
0000000000000000111100 1111000011111000000000 1111000000000000000000 1111000000000000111100 1111000000011100111100 1111000000000000111100 1111000000000000000000 1111000000000000111100
0000000000000000111100 1111000011111100000000 1111000000000000000000 1111000000000000111100 1111000000011110111100 1111000000000000111100 1111000000000000000000 1111000000000000111100
0000000000000000111100 1111000001111100000000 1111000000000000000000 1111000000000000111100 1111000000001110111100 1111000000000000111100 1111000000000000000000 1111000000000000111100
0000000000000000111100 1111000000111110000000 1111000000000000000000 1111000000000000111100 1111000000001110111100 1111000000000000111100 1111000000000000000000 1111000000111000111100
1111000000000000111100 1111000000111111000000 1111000000000000000000 1111000000000000111100 1111000000001111111100 1111000000000000111100 1111000000000000000000 1111000000111100111100
1111100000000001111100 1111000000011111000000 1111000000000000000000 1111000000000000111100 1111000000000111111100 1111100000000001111100 1111000000000000000000 1111000000111111111100
1111110000000011111100 1111000000001111100000 1111000000000000000000 1111000000000000111100 1111000000000111111100 1111110000000011111100 1111000000000000000000 1111110000011111111100
1111111000000111111100 1111000000001111110000 1111000000000000000000 1111000000000000111100 1111000000000111111100 1111111000000111111100 1111000000000000000000 1111111000001111111100
0111111100001111111000 1111000000000111110000 1111000000000000000000 1111000000000000111100 1111000000000011111100 0111111100001111111000 1111000000000000000000 0111111100001111111000
0011111110011111110000 1111000000000011111000 1111000000000000000000 1111000000000000111100 1111000000000011111100 0011111110011111110000 1111000000000000000000 0011111110011111110000
0001111111111111100000 1111000000000011111100 1111111111111111111100 1111000000000000111100 1111000000000001111100 0001111111111111100000 1111000000000000000000 0001111111111111111000
0000111111111111000000 1111000000000001111100 1111111111111111111100 1111000000000000111100 1111000000000001111100 0000111111111111000000 1111000000000000000000 0000111111111111111100
0000011111111110000000 1111000000000000111100 1111111111111111111100 1111000000000000111100 1111000000000001111100 0000011111111110000000 1111000000000000000000 0000011111111110111100
0000001111111100000000 1111000000000000111100 1111111111111111111100 1111000000000000111100 1111000000000000111100 0000001111111100000000 1111000000000000000000 0000001111111100011100
0000000000000000000000 0000000000000000000000 0000000000000000000000 0000000000000000000000 0000000000000000000000 0000000000000000000000 0000000000000000000000 0000000000000000000000
0000000000000000000000 0000000000000000000000 0000000000000000000000 0000000000000000000000 0000000000000000000000 0000000000000000000000 0000000000000000000000 0000000000000000000000
                                                                                           
1111111111111100000000 0000001111111100000000 1111111111111111111100 1111000000000000111100 1111000000000000111100 1111000000000000111100 1111000000000000111100 1111000000000000111100
1111111111111110000000 0000011111111110000000 1111111111111111111100 1111000000000000111100 1111000000000000111100 1111000000000000111100 1111000000000000111100 1111000000000000111100
1111111111111111000000 0000111111111111000000 1111111111111111111100 1111000000000000111100 1111000000000000111100 1111000000000000111100 1111000000000000111100 1111000000000000111100
1111111111111111100000 0001111111111111100000 1111111111111111111100 1111000000000000111100 1111000000000000111100 1111000000000000111100 1111000000000000111100 1111000000000000111100
1111000000011111110000 0011111110011111110000 0000000011110000000000 1111000000000000111100 1111000000000000111100 1111000000000000111100 1111000000000000111100 1111000000000000111100
1111000000001111111000 0111111100001111111000 0000000011110000000000 1111000000000000111100 1111000000000000111100 1111000000000000111100 1111100000000001111100 1111100000000001111100
1111000000000111111100 1111111000000111111100 0000000011110000000000 1111000000000000111100 1111000000000000111100 1111000000000000111100 1111100000000001111100 1111100000000001111100
1111000000000011111100 1111110000000011111100 0000000011110000000000 1111000000000000111100 1111000000000000111100 1111000000000000111100 0111110000000011111000 0111110000000011111000
1111000000000001111100 1111100000000001111100 0000000011110000000000 1111000000000000111100 1111000000000000111100 1111000000000000111100 0111110000000011111000 0111110000000011111000
1111000000000000111100 1111000000000000111100 0000000011110000000000 1111000000000000111100 1111000000000000111100 1111000000000000111100 0011111000000111110000 0011111000000111110000
1111000000000000111100 1111000000000000000000 0000000011110000000000 1111000000000000111100 1111000000000000111100 1111000000000000111100 0011111000000111110000 0011111000000111110000
1111000000000000111100 1111000000000000000000 0000000011110000000000 1111000000000000111100 1111000000000000111100 1111000000000000111100 0001111100001111100000 0001111100001111100000
1111000000000000111100 1111000000000000000000 0000000011110000000000 1111000000000000111100 1111000000000000111100 1111000000000000111100 0001111100001111100000 0001111100001111100000
1111000000000000111100 1111100000000000000000 0000000011110000000000 1111000000000000111100 1111000000000000111100 1111000000000000111100 0000111110011111000000 0000111110011111000000
1111000000000000111100 1111110000000000000000 0000000011110000000000 1111000000000000111100 1111000000000000111100 1111000000000000111100 0000111110011111000000 0000111110011111000000
1111000000000001111100 1111111000000000000000 0000000011110000000000 1111000000000000111100 1111000000000000111100 1111000000000000111100 0000011111111110000000 0000011111111110000000
1111000000000011111100 0111111100000000000000 0000000011110000000000 1111000000000000111100 1111000000000000111100 1111000000000000111100 0000011111111110000000 0000011111111110000000
1111000000000111111100 0011111110000000000000 0000000011110000000000 1111000000000000111100 1111000000000000111100 1111000000000000111100 0000001111111100000000 0000001111111100000000
1111000000001111111000 0001111111000000000000 0000000011110000000000 1111000000000000111100 1111000000000000111100 1111000000000000111100 0000001111111100000000 0000001111111100000000
1111000000011111110000 0000111111100000000000 0000000011110000000000 1111000000000000111100 1111000000000000111100 1111000000000000111100 0000000111111000000000 0000000111111000000000
1111111111111111100000 0000011111110000000000 0000000011110000000000 1111000000000000111100 0111000000000000111000 1111000000000000111100 0000000111111000000000 0000000111111000000000
1111111111111111000000 0000001111111000000000 0000000011110000000000 1111000000000000111100 0111000000000000111000 1111000000000000111100 0000000011110000000000 0000000011110000000000
1111111111111110000000 0000000111111100000000 0000000011110000000000 1111000000000000111100 0111100000000001111000 1111000000000000111100 0000000011110000000000 0000000011110000000000
1111111111111100000000 0000000011111110000000 0000000011110000000000 1111000000000000111100 0011100000000001110000 1111000000000000111100 0000000111111000000000 0000000011110000000000
1111111111110000000000 0000000001111111000000 0000000011110000000000 1111000000000000111100 0011100000000001110000 1111000001100000111100 0000000111111000000000 0000000011110000000000
1111111111000000000000 0000000000111111100000 0000000011110000000000 1111000000000000111100 0011110000000011110000 1111000001100000111100 0000000111111000000000 0000000011110000000000
1111011111000000000000 0000000000011111110000 0000000011110000000000 1111000000000000111100 0001110000000011100000 1111000011110000111100 0000001111111100000000 0000000011110000000000
1111001111100000000000 0000000000001111111000 0000000011110000000000 1111000000000000111100 0001110000000011100000 1111000011110000111100 0000001111111100000000 0000000011110000000000
1111001111110000000000 0000000000000111111100 0000000011110000000000 1111000000000000111100 0001111000000111100000 1111000111111000111100 0000011111111110000000 0000000011110000000000
1111000111110000000000 0000000000000011111100 0000000011110000000000 1111000000000000111100 0000111000000111000000 1111000111111000111100 0000011110011110000000 0000000011110000000000
1111000011111000000000 0000000000000001111100 0000000011110000000000 1111000000000000111100 0000111000000111000000 1111001111111100111100 0000111110011111000000 0000000011110000000000
1111000011111100000000 0000000000000000111100 0000000011110000000000 1111000000000000111100 0000111100001111000000 1111001111111100111100 0000111100001111000000 0000000011110000000000
1111000001111100000000 0000000000000000111100 0000000011110000000000 1111000000000000111100 0000011100001110000000 1111011110011110111100 0001111100001111100000 0000000011110000000000
1111000000111110000000 0000000000000000111100 0000000011110000000000 1111000000000000111100 0000011100001110000000 1111011110011110111100 0001111000000111100000 0000000011110000000000
1111000000111111000000 0000000000000000111100 0000000011110000000000 1111000000000000111100 0000011110011110000000 1111111100001111111100 0011111000000111110000 0000000011110000000000
1111000000011111000000 1111000000000001111100 0000000011110000000000 1111100000000001111100 0000001110011100000000 1111111100001111111100 0011110000000011110000 0000000011110000000000
1111000000001111100000 1111110000000011111100 0000000011110000000000 1111110000000011111100 0000001110011100000000 1111111000000111111100 0111110000000011111000 0000000011110000000000
1111000000001111110000 1111111000000111111100 0000000011110000000000 1111111000000111111100 0000001111111100000000 1111111000000111111100 0111100000000001111000 0000000011110000000000
1111000000000111110000 0111111100001111111000 0000000011110000000000 0111111100001111111000 0000000111111000000000 1111110000000011111100 1111100000000001111100 0000000011110000000000
1111000000000011111000 0011111110011111110000 0000000011110000000000 0011111110011111110000 0000000111111000000000 1111110000000011111100 1111000000000000111100 0000000011110000000000
1111000000000011111100 0001111111111111100000 0000000011110000000000 0001111111111111100000 0000000111111000000000 1111100000000001111100 1111000000000000111100 0000000011110000000000
1111000000000001111100 0000111111111111000000 0000000011110000000000 0000111111111111000000 0000000011110000000000 1111100000000001111100 1111000000000000111100 0000000011110000000000
1111000000000000111100 0000011111111110000000 0000000011110000000000 0000011111111110000000 0000000011110000000000 1111000000000000111100 1111000000000000111100 0000000011110000000000
1111000000000000111100 0000001111111100000000 0000000011110000000000 0000001111111100000000 0000000011110000000000 1111000000000000111100 1111000000000000111100 0000000011110000000000
0000000000000000000000 0000000000000000000000 0000000000000000000000 0000000000000000000000 0000000000000000000000 0000000000000000000000 0000000000000000000000 0000000000000000000000
0000000000000000000000 0000000000000000000000 0000000000000000000000 0000000000000000000000 0000000000000000000000 0000000000000000000000 0000000000000000000000 0000000000000000000000
                                                                                           
1111111111111111111100 0000000011111111110000 0011111111110000000000 0000000000000000000000 1111111111111111111100 0000000000000000000000 0000000000000000000000 0000000000000000000000
1111111111111111111100 0000000011111111110000 0011111111110000000000 0000000000000000000000 1111111111111111111100 0000000000000000000000 0000000000000000000000 0000000000000000000000
1111111111111111111100 0000000011111111110000 0011111111110000000000 0000000000000000000000 1100000000000000001100 0000000000000000000000 0000000000000000000000 0000000000000000000000
1111111111111111111100 0000000011111111110000 0011111111110000000000 0000000000000000000000 1100000000000000001100 0000000000000000000000 0000000000000000000000 0000000000000000000000
0000000000000000111100 0000000011110000000000 0000000011110000000000 0000000000000000000000 1100000000000000001100 0000000000000000000000 0000000000000000000000 0000000000000000000000
0000000000000000111100 0000000011110000000000 0000000011110000000000 0000000000000000000000 1100000000000000001100 0000000000000000000000 0000000000000000000000 0000000000000000000000
0000000000000001111100 0000000011110000000000 0000000011110000000000 0000000000000000000000 1100001111111100001100 0000000000000000000000 0000000000000000000000 0000000000000000000000
0000000000000001111100 0000000011110000000000 0000000011110000000000 0000000000000000000000 1100011111111110001100 0000000000000000000000 0000000000000000000000 0000000000000000000000
0000000000000011111000 0000000011110000000000 0000000011110000000000 0000000000000000000000 1100111111111111001100 0000000000000000000000 0000000000000000000000 0000000000000000000000
0000000000000011111000 0000000011110000000000 0000000011110000000000 0000000000000000000000 1100111111111111001100 0000000000000000000000 0000000000000000000000 0000000000000000000000
0000000000000111110000 0000000011110000000000 0000000011110000000000 0000000000000000000000 1100111110011111001100 0000000000000000000000 0000000000000000000000 0000000000000000000000
0000000000000111110000 0000000011110000000000 0000000011110000000000 0000000000000000000000 1100111100001111001100 0000000000000000000000 0000000000000000000000 0000000000000000000000
0000000000001111100000 0000000011110000000000 0000000011110000000000 0000000000000000000000 1100111100001111001100 0000000000000000000000 0000000000000000000000 0000000000000000000000
0000000000001111100000 0000000011110000000000 0000000011110000000000 0000000000000000000000 1100111100001111001100 0000000000000000000000 0000000000000000000000 0000000000000000000000
0000000000011111000000 0000000011110000000000 0000000011110000000000 0000000000000000000000 1100111100001111001100 0000000000000000000000 0000000000000000000000 0000000000000000000000
0000000000011111000000 0000000011110000000000 0000000011110000000000 0000000000000000000000 1100000000011111001100 0000000000000000000000 0000000000000000000000 0000000000000000000000
0000000000111110000000 0000000011110000000000 0000000011110000000000 0000000000000000000000 1100000000011111001100 0000000000000000000000 0000000000000000000000 0000000000000000000000
0000000000111110000000 0000000011110000000000 0000000011110000000000 0000000000000000000000 1100000000111110001100 0000000000000000000000 0000000000000000000000 0000000000000000000000
0000000001111100000000 0000000011110000000000 0000000011110000000000 0000000000000000000000 1100000000111110001100 0000000000000000000000 0000000000000000000000 0000000000000000000000
0000000001111100000000 0000000011110000000000 0000000011110000000000 0000000000000000000000 1100000001111100001100 0000000000000000000000 0000000000000000000000 0000000000000000000000
0000000011111000000000 0000000011110000000000 0000000011110000000000 0000000000000000000000 1100000011111100001100 0000000000000000000000 0000000000000000000000 0000000000000000000000
0000000011111000000000 0000000011110000000000 0000000011110000000000 0000000000000000000000 1100000011110000001100 0000000000000000000000 0000000000000000000000 0000000000000000000000
0000000111110000000000 0000000011110000000000 0000000011110000000000 0000000000000000000000 1100000011110000001100 0000000000000000000000 0000000000000000000000 0000000000000000000000
0000000111110000000000 0000000011110000000000 0000000011110000000000 0000000000000000000000 1100000011110000001100 0000000000000000000000 0000000000000000000000 0000000000000000000000
0000001111100000000000 0000000011110000000000 0000000011110000000000 0000000000000000000000 1100000011110000001100 0000000000000000000000 0000000000000000000000 0000000000000000000000
0000001111100000000000 0000000011110000000000 0000000011110000000000 0000000000000000000000 1100000011110000001100 0000000000000000000000 0000000000000000000000 0000000000000000000000
0000011111000000000000 0000000011110000000000 0000000011110000000000 0000000000000000000000 1100000011110000001100 0000000000000000000000 0000000000000000000000 0000000000000000000000
0000011111000000000000 0000000011110000000000 0000000011110000000000 0000000000000000000000 1100000011110000001100 0000000000000000000000 0000000000000000000000 0000000000000000000000
0000111110000000000000 0000000011110000000000 0000000011110000000000 0000000000000000000000 1100000011110000001100 0000000000000000000000 0000000000000000000000 0000000000000000000000
0000111110000000000000 0000000011110000000000 0000000011110000000000 0000000000000000000000 1100000011110000001100 0000000000000000000000 0000000000000000000000 0000000000000000000000
0001111100000000000000 0000000011110000000000 0000000011110000000000 0000000000000000000000 1100000011110000001100 0000000000000000000000 0000000000000000000000 0000000000000000000000
0001111100000000000000 0000000011110000000000 0000000011110000000000 0000000000000000000000 1100000011110000001100 0000000000000000000000 0000000000000000000000 0000000000000000000000
0011111000000000000000 0000000011110000000000 0000000011110000000000 0000000000000000000000 1100000000000000001100 0000000000000000000000 0000000000000000000000 0000000000000000000000
0011111000000000000000 0000000011110000000000 0000000011110000000000 0000000000000000000000 1100000000000000001100 0000000000000000000000 0000000000000000000000 0000000000000000000000
0111110000000000000000 0000000011110000000000 0000000011110000000000 0000000000000000000000 1100000011110000001100 0000000000000000000000 0000000000000000000000 0000000000000000000000
0111110000000000000000 0000000011110000000000 0000000011110000000000 0000000000000000000000 1100000011110000001100 0000000000000000000000 0000000000000000000000 0000000000000000000000
1111100000000000000000 0000000011110000000000 0000000011110000000000 0000000000000000000000 1100000011110000001100 0000000000000000000000 0000000000000000000000 0000000000000000000000
1111100000000000000000 0000000011110000000000 0000000011110000000000 0000000000000000000000 1100000011110000001100 0000000000000000000000 0000000000000000000000 0000000000000000000000
1111000000000000000000 0000000011110000000000 0000000011110000000000 0000000000000000000000 1100000000000000001100 0000000000000000000000 0000000000000000000000 0000000000000000000000
1111000000000000000000 0000000011110000000000 0000000011110000000000 0000000000000000000000 1100000000000000001100 0000000000000000000000 0000000000000000000000 0000000000000000000000
1111111111111111111100 0000000011111111110000 0011111111110000000000 1111111111111111111100 1100000000000000001100 0000000000000000000000 0000000000000000000000 0000000000000000000000
1111111111111111111100 0000000011111111110000 0011111111110000000000 1111111111111111111100 1100000000000000001100 0000000000000000000000 0000000000000000000000 0000000000000000000000
1111111111111111111100 0000000011111111110000 0011111111110000000000 1111111111111111111100 1111111111111111111100 0000000000000000000000 0000000000000000000000 0000000000000000000000
1111111111111111111100 0000000011111111110000 0011111111110000000000 1111111111111111111100 1111111111111111111100 0000000000000000000000 0000000000000000000000 0000000000000000000000
0000000000000000000000 0000000000000000000000 0000000000000000000000 0000000000000000000000 0000000000000000000000 0000000000000000000000 0000000000000000000000 0000000000000000000000
0000000000000000000000 0000000000000000000000 0000000000000000000000 0000000000000000000000 0000000000000000000000 0000000000000000000000 0000000000000000000000 0000000000000000000000
