00000000 00000000 00000000 00000010 00111000 00111000 00111000 00111000
00000000 01101100 00000000 00000010 01111100 01111000 01111100 01111100
00000000 01101100 00000000 00000110 11101110 11111000 11101110 11101110
00000000 01101100 00000000 00000110 11000110 11111000 11000110 11000110
00000000 11111110 00000000 00001100 11001110 00011000 00000110 00000110
00000000 11111110 00000000 00001100 11001110 00011000 00001110 00001110
00000000 01101100 01111100 00011000 11011110 00011000 00011100 00011100
00000000 01101100 01111100 00111000 11110110 00011000 00111000 00011100
00000000 11111110 00000000 00110000 11100110 00011000 01110000 00001110
00000000 11111110 00000000 01100000 11100110 00011000 11100000 00000110
00000000 01101100 00000000 01100000 11000110 00011000 11000000 11000110
00000000 01101100 00000000 11000000 11101110 00011000 11000000 11101110
00000000 01101100 00000000 11000000 01111100 11111110 11111110 01111100
00000000 00000000 00000000 10000000 00111000 11111110 11111110 00111000
00000000 00000000 00000000 00000000 00000000 00000000 00000000 00000000
                                   
00001100 11111110 00111000 11111110 00111000 00111000 00000000 00111000
00011100 11111110 01111100 11111110 01111100 01111100 00000000 01111100
00111100 11000000 11101110 00000110 11101110 11101110 00000000 11101110
01111100 11000000 11000110 00001110 11000110 11000110 00111000 11000110
11101100 11000000 11000000 00001100 11000110 11000110 00111000 11000110
11001100 11000000 11000000 00011100 11101110 11100110 00111000 11000110
11111110 11111000 11111000 00011000 01111100 01111110 00000000 11111110
11111110 11111100 11111100 00111000 01111100 00111110 00000000 11111110
00001100 00001110 11001110 00110000 11101110 00000110 00111000 11000110
00001100 00000110 11000110 01110000 11000110 00000110 00111000 11000110
00001100 11000110 11000110 01100000 11000110 11000110 00111000 11000110
00001100 11101110 11101110 11100000 11101110 11101110 00000000 11000110
00001100 01111100 01111100 11000000 01111100 01111100 00000000 11000110
00001100 00111000 00111000 11000000 00111000 00111000 00000000 11000110
00000000 00000000 00000000 00000000 00000000 00000000 00000000 00000000
                                   
11111100 00111000 11111000 11111110 11111110 00111100 11000110 11111110
11111110 01111100 11111100 11111110 11111110 01111110 11000110 11111110
11000110 11101110 11001110 11000000 11000000 11100110 11000110 00011000
11000110 11000110 11000110 11000000 11000000 11000000 11000110 00011000
11000110 11000000 11000110 11000000 11000000 11000000 11000110 00011000
11001110 11000000 11000110 11000000 11000000 11000000 11000110 00011000
11111100 11000000 11000110 11110000 11110000 11001110 11111110 00011000
11111100 11000000 11000110 11110000 11110000 11001110 11111110 00011000
11001110 11000000 11000110 11000000 11000000 11000110 11000110 00011000
11000110 11000000 11000110 11000000 11000000 11000110 11000110 00011000
11000110 11000110 11000110 11000000 11000000 11000110 11000110 00011000
11000110 11101110 11001110 11000000 11000000 11101110 11000110 00011000
11111110 01111100 11111100 11111110 11000000 01111100 11000110 11111110
11111100 00111000 11111000 11111110 11000000 00111000 11000110 11111110
00000000 00000000 00000000 00000000 00000000 00000000 00000000 00000000
                                   
00000110 11000110 11000000 11000110 11000110 00111000 11111000 00111000
00000110 11001110 11000000 11000110 11000110 01111100 11111100 01111100
00000110 11011100 11000000 11101110 11100110 11101110 11001110 11101110
00000110 11111000 11000000 11101110 11100110 11000110 11000110 11000110
00000110 11110000 11000000 11111110 11110110 11000110 11000110 11000110
00000110 11100000 11000000 11010110 11010110 11000110 11001110 11000110
00000110 11100000 11000000 11010110 11011110 11000110 11111100 11000110
00000110 11100000 11000000 11000110 11001110 11000110 11111000 11000110
11000110 11100000 11000000 11000110 11001110 11000110 11000000 11000110
11000110 11110000 11000000 11000110 11000110 11000110 11000000 11000110
11000110 11111000 11000000 11000110 11000110 11000110 11000000 11010110
11101110 11011100 11000000 11000110 11000110 11101110 11000000 11101110
01111100 11001110 11111110 11000110 11000110 01111100 11000000 01111100
00111000 11000110 11111110 11000110 11000110 00111000 11000000 00111010
00000000 00000000 00000000 00000000 00000000 00000000 00000000 00000000
                                   
11111000 00111110 11111110 11000110 11000110 11000110 11000110 11000110
11111100 01111110 11111110 11000110 11000110 11000110 11000110 11000110
11001110 11100000 00011000 11000110 11000110 11000110 11000110 11000110
11000110 11000000 00011000 11000110 11000110 11000110 11101110 11111110
11000110 11000000 00011000 11000110 11000110 11000110 01111100 01111100
11001110 11100000 00011000 11000110 11000110 11000110 00111000 00011000
11111100 01111000 00011000 11000110 11000110 11000110 00111000 00011000
11111000 00111100 00011000 11000110 11000110 11000110 00111000 00011000
11111100 00001110 00011000 11000110 11000110 11000110 00111000 00011000
11001110 00000110 00011000 11000110 11101110 11010110 01111100 00011000
11000110 00000110 00011000 11000110 01111100 11111110 11101110 00011000
11000110 00001110 00011000 11101110 00111000 11111110 11000110 00011000
11000110 11111100 00011000 01111100 00111000 11101110 11000110 00011000
11000110 11111000 00011000 00111000 00111000 11000110 11000110 00011000
00000000 00000000 00000000 00000000 00000000 00000000 00000000 00000000
                                   
11111110 01111100 01111100 00000000 11111110 00000000 00000000 00000000
11111110 01111100 01111100 00000000 10000010 00000000 00000000 00000000
00000110 01100000 00001100 00000000 10000010 00000000 00000000 00000000
00000110 01100000 00001100 00000000 10111010 00000000 00000000 00000000
00001100 01100000 00001100 00000000 10101010 00000000 00000000 00000000
00011100 01100000 00001100 00000000 10001010 00000000 00000000 00000000
00011000 01100000 00001100 00000000 10011010 00000000 00000000 00000000
00110000 01100000 00001100 00000000 10010010 00000000 00000000 00000000
01110000 01100000 00001100 00000000 10010010 00000000 00000000 00000000
01100000 01100000 00001100 00000000 10000010 00000000 00000000 00000000
11000000 01100000 00001100 00000000 10010010 00000000 00000000 00000000
11000000 01100000 00001100 00000000 10000010 00000000 00000000 00000000
11111110 01111100 01111100 11111110 10000010 00000000 00000000 00000000
11111110 01111100 01111100 11111110 11111110 00000000 00000000 00000000
00000000 00000000 00000000 00000000 00000000 00000000 00000000 00000000
