0000000000000000 0000000000000000 0000000000000000 0000000000001100 0001111111100000 0001111110000000 0001111111100000 0001111111100000
0000000000000000 0000000000000000 0000000000000000 0000000000001100 0011111111110000 0011111110000000 0011111111110000 0011111111110000
0000000000000000 0011100001110000 0000000000000000 0000000000011100 0111111111111000 0111111110000000 0111111111111000 0111111111111000
0000000000000000 0011100001110000 0000000000000000 0000000000011100 1111100001111100 1111111110000000 1111100001111100 1111100001111100
0000000000000000 0011100001110000 0000000000000000 0000000000111100 1111000000111100 1111001110000000 1111000000111100 1111000000111100
0000000000000000 0011100001110000 0000000000000000 0000000000111000 1110000000111100 1110001110000000 1110000000011100 1110000000011100
0000000000000000 0011100001110000 0000000000000000 0000000001111000 1110000000111100 0000001110000000 0000000000011100 0000000000011100
0000000000000000 0011100001110000 0000000000000000 0000000001110000 1110000001111100 0000001110000000 0000000000011100 0000000000011100
0000000000000000 0011100001110000 0000000000000000 0000000011110000 1110000001111100 0000001110000000 0000000000011100 0000000000011100
0000000000000000 1111111111111100 0000000000000000 0000000011100000 1110000011011100 0000001110000000 0000000000011100 0000000000011100
0000000000000000 1111111111111100 0000000000000000 0000000111100000 1110000011011100 0000001110000000 0000000000111100 0000000000111100
0000000000000000 1111111111111100 0000000000000000 0000000111000000 1110000110011100 0000001110000000 0000000001111100 0000000001111100
0000000000000000 0011100001110000 0000000000000000 0000001111000000 1110000110011100 0000001110000000 0000000011111000 0000000011111000
0000000000000000 0011100001110000 0011111111110000 0000001110000000 1110001100011100 0000001110000000 0000000111110000 0000000111110000
0000000000000000 0011100001110000 0011111111110000 0000011110000000 1110001100011100 0000001110000000 0000001111100000 0000000111100000
0000000000000000 0011100001110000 0011111111110000 0000011100000000 1110001100011100 0000001110000000 0000011111000000 0000000111110000
0000000000000000 0011100001110000 0000000000000000 0000111100000000 1110011000011100 0000001110000000 0000111110000000 0000000011111000
0000000000000000 1111111111111100 0000000000000000 0000111000000000 1110011000011100 0000001110000000 0001111100000000 0000000001111100
0000000000000000 1111111111111100 0000000000000000 0001111000000000 1110110000011100 0000001110000000 0011111000000000 0000000000111100
0000000000000000 1111111111111100 0000000000000000 0001110000000000 1110110000011100 0000001110000000 0111110000000000 0000000000011100
0000000000000000 0011100001110000 0000000000000000 0011110000000000 1111100000011100 0000001110000000 1111100000000000 0000000000011100
0000000000000000 0011100001110000 0000000000000000 0011100000000000 1111100000011100 0000001110000000 1111000000000000 0000000000011100
0000000000000000 0011100001110000 0000000000000000 0111100000000000 1111000000011100 0000001110000000 1110000000000000 0000000000011100
0000000000000000 0011100001110000 0000000000000000 0111000000000000 1111000000011100 0000001110000000 1110000000000000 1110000000011100
0000000000000000 0011100001110000 0000000000000000 1111000000000000 1111000000111100 0000001110000000 1110000000000000 1111000000111100
0000000000000000 0011100001110000 0000000000000000 1110000000000000 1111100001111100 0000001110000000 1110000000000000 1111100001111100
0000000000000000 0011100001110000 0000000000000000 1110000000000000 0111111111111000 1111111111111100 1111111111111100 0111111111111000
0000000000000000 0000000000000000 0000000000000000 1100000000000000 0011111111110000 1111111111111100 1111111111111100 0011111111110000
0000000000000000 0000000000000000 0000000000000000 1100000000000000 0001111111100000 1111111111111100 1111111111111100 0001111111100000
0000000000000000 0000000000000000 0000000000000000 0000000000000000 0000000000000000 0000000000000000 0000000000000000 0000000000000000
0000000000000000 0000000000000000 0000000000000000 0000000000000000 0000000000000000 0000000000000000 0000000000000000 0000000000000000
                                                                   
0000000000111000 1111111111111100 0001111111100000 1111111111111100 0001111111100000 0001111111100000 0000000000000000 0001111111100000
0000000001111000 1111111111111100 0011111111110000 1111111111111100 0011111111110000 0011111111110000 0000000000000000 0011111111110000
0000000011111000 1111111111111100 0111111111111000 1111111111111100 0111111111111000 0111111111111000 0000000000000000 0111111111111000
0000000111111000 1110000000000000 1111100001111100 0000000000111100 1111100001111100 1111100001111100 0000000000000000 1111100001111100
0000001111111000 1110000000000000 1111000000111100 0000000000111100 1111000000111100 1111000000111100 0000000000000000 1111000000111100
0000011110111000 1110000000000000 1110000000011100 0000000000111000 1110000000011100 1110000000011100 0000000000000000 1110000000011100
0000111100111000 1110000000000000 1110000000000000 0000000001111000 1110000000011100 1110000000011100 0000000000000000 1110000000011100
0001111000111000 1110000000000000 1110000000000000 0000000001110000 1110000000011100 1110000000011100 0000000000000000 1110000000011100
0011110000111000 1110000000000000 1110000000000000 0000000011110000 1110000000011100 1110000000011100 0000001100000000 1110000000011100
0111100000111000 1111111100000000 1110000000000000 0000000011100000 1110000000011100 1110000000011100 0000011110000000 1110000000011100
1111000000111000 1111111110000000 1110000000000000 0000000111100000 1111000000111100 1111000000011100 0000011110000000 1110000000011100
1110000000111000 1111111111000000 1110000000000000 0000000111000000 1111100001111100 1111100000011100 0000001100000000 1110000000011100
1110000000111000 0000001111100000 1110000000000000 0000001111000000 0111110011111000 0111110000011100 0000000000000000 1110000000011100
1111111111111100 0000000111110000 1110000000000000 0000001110000000 0011111111110000 0011111111111100 0000000000000000 1111111111111100
1111111111111100 0000000011111000 1111111111100000 0000001110000000 0001111111100000 0001111111111100 0000000000000000 1111111111111100
1111111111111100 0000000001111100 1111111111110000 0000001110000000 0011111111110000 0000111111111100 0000000000000000 1111111111111100
0000000000111000 0000000000111100 1111111111111000 0000001110000000 0111110011111000 0000000000011100 0000000000000000 1110000000011100
0000000000111000 0000000000011100 1110000001111100 0000001110000000 1111100001111100 0000000000011100 0000001100000000 1110000000011100
0000000000111000 0000000000011100 1110000000111100 0000001110000000 1111000000111100 0000000000011100 0000011110000000 1110000000011100
0000000000111000 0000000000011100 1110000000011100 0000001110000000 1110000000011100 0000000000011100 0000011110000000 1110000000011100
0000000000111000 0000000000011100 1110000000011100 0000001110000000 1110000000011100 0000000000011100 0000001100000000 1110000000011100
0000000000111000 0000000000011100 1110000000011100 0000001110000000 1110000000011100 0000000000011100 0000000000000000 1110000000011100
0000000000111000 0000000000011100 1110000000011100 0000001110000000 1110000000011100 0000000000011100 0000000000000000 1110000000011100
0000000000111000 1110000000011100 1110000000011100 0000001110000000 1110000000011100 1110000000011100 0000000000000000 1110000000011100
0000000000111000 1111000000111100 1111000000111100 0000001110000000 1111000000111100 1111000000111100 0000000000000000 1110000000011100
0000000000111000 1111100001111100 1111100001111100 0000001110000000 1111100001111100 1111100001111100 0000000000000000 1110000000011100
0000000000111000 0111111111111000 0111111111111000 0000001110000000 0111111111111000 0111111111111000 0000000000000000 1110000000011100
0000000000111000 0011111111110000 0011111111110000 0000001110000000 0011111111110000 0011111111110000 0000000000000000 1110000000011100
0000000000000000 0001111111100000 0001111111100000 0000001110000000 0001111111100000 0001111111100000 0000000000000000 1110000000011100
0000000000000000 0000000000000000 0000000000000000 0000000000000000 0000000000000000 0000000000000000 0000000000000000 0000000000000000
0000000000000000 0000000000000000 0000000000000000 0000000000000000 0000000000000000 0000000000000000 0000000000000000 0000000000000000
                                                                   
1111111111100000 0001111111100000 1111111111100000 1111111111111100 1111111111111100 0001111111100000 1110000000011100 1111111111111100
1111111111110000 0011111111110000 1111111111110000 1111111111111100 1111111111111100 0011111111110000 1110000000011100 1111111111111100
1111111111111000 0111111111111000 1111111111111000 1111111111111100 1111111111111100 0111111111111000 1110000000011100 1111111111111100
1110000001111100 1111100001111100 1110000001111100 1110000000000000 1110000000000000 1111100001111100 1110000000011100 0000001110000000
1110000000111100 1111000000111100 1110000000111100 1110000000000000 1110000000000000 1111000000111100 1110000000011100 0000001110000000
1110000000011100 1110000000011100 1110000000011100 1110000000000000 1110000000000000 1110000000011100 1110000000011100 0000001110000000
1110000000011100 1110000000000000 1110000000011100 1110000000000000 1110000000000000 1110000000000000 1110000000011100 0000001110000000
1110000000011100 1110000000000000 1110000000011100 1110000000000000 1110000000000000 1110000000000000 1110000000011100 0000001110000000
1110000000011100 1110000000000000 1110000000011100 1110000000000000 1110000000000000 1110000000000000 1110000000011100 0000001110000000
1110000000011100 1110000000000000 1110000000011100 1110000000000000 1110000000000000 1110000000000000 1110000000011100 0000001110000000
1110000000111100 1110000000000000 1110000000011100 1110000000000000 1110000000000000 1110000000000000 1110000000011100 0000001110000000
1110000001111100 1110000000000000 1110000000011100 1110000000000000 1110000000000000 1110000000000000 1110000000011100 0000001110000000
1110000011111000 1110000000000000 1110000000011100 1110000000000000 1110000000000000 1110000000000000 1110000000011100 0000001110000000
1111111111110000 1110000000000000 1110000000011100 1111111110000000 1111111110000000 1110001111111100 1111111111111100 0000001110000000
1111111111110000 1110000000000000 1110000000011100 1111111110000000 1111111110000000 1110001111111100 1111111111111100 0000001110000000
1111111111111000 1110000000000000 1110000000011100 1111111110000000 1111111110000000 1110001111111100 1111111111111100 0000001110000000
1110000011111100 1110000000000000 1110000000011100 1110000000000000 1110000000000000 1110000000011100 1110000000011100 0000001110000000
1110000001111100 1110000000000000 1110000000011100 1110000000000000 1110000000000000 1110000000011100 1110000000011100 0000001110000000
1110000000111100 1110000000000000 1110000000011100 1110000000000000 1110000000000000 1110000000011100 1110000000011100 0000001110000000
1110000000011100 1110000000000000 1110000000011100 1110000000000000 1110000000000000 1110000000011100 1110000000011100 0000001110000000
1110000000011100 1110000000000000 1110000000011100 1110000000000000 1110000000000000 1110000000011100 1110000000011100 0000001110000000
1110000000011100 1110000000000000 1110000000011100 1110000000000000 1110000000000000 1110000000011100 1110000000011100 0000001110000000
1110000000011100 1110000000000000 1110000000011100 1110000000000000 1110000000000000 1110000000011100 1110000000011100 0000001110000000
1110000000011100 1110000000011100 1110000000011100 1110000000000000 1110000000000000 1110000000011100 1110000000011100 0000001110000000
1110000000111100 1111000000111100 1110000000111100 1110000000000000 1110000000000000 1111000000111100 1110000000011100 0000001110000000
1110000001111100 1111100001111100 1110000001111100 1110000000000000 1110000000000000 1111100001111100 1110000000011100 0000001110000000
1111111111111000 0111111111111000 1111111111111000 1111111111111100 1110000000000000 0111111111111000 1110000000011100 1111111111111100
1111111111110000 0011111111110000 1111111111110000 1111111111111100 1110000000000000 0011111111110000 1110000000011100 1111111111111100
1111111111100000 0001111111100000 1111111111100000 1111111111111100 1110000000000000 0001111111100000 1110000000011100 1111111111111100
0000000000000000 0000000000000000 0000000000000000 0000000000000000 0000000000000000 0000000000000000 0000000000000000 0000000000000000
0000000000000000 0000000000000000 0000000000000000 0000000000000000 0000000000000000 0000000000000000 0000000000000000 0000000000000000
                                                                   
0000000000011100 1110000000011100 1110000000000000 1110000000011100 1111000000011100 0001111111100000 1111111111100000 0001111111100000
0000000000011100 1110000000111100 1110000000000000 1110000000011100 1111000000011100 0011111111110000 1111111111110000 0011111111110000
0000000000011100 1110000000111100 1110000000000000 1111000000111100 1111100000011100 0111111111111000 1111111111111000 0111111111111000
0000000000011100 1110000001111000 1110000000000000 1111000000111100 1111100000011100 1111100001111100 1110000001111100 1111100001111100
0000000000011100 1110000011110000 1110000000000000 1111000000111100 1111100000011100 1111000000111100 1110000000111100 1111000000111100
0000000000011100 1110000011110000 1110000000000000 1111100001111100 1111110000011100 1110000000011100 1110000000011100 1110000000011100
0000000000011100 1110000111100000 1110000000000000 1111100001111100 1111110000011100 1110000000011100 1110000000011100 1110000000011100
0000000000011100 1110001111000000 1110000000000000 1111100001111100 1111110000011100 1110000000011100 1110000000011100 1110000000011100
0000000000011100 1110001111000000 1110000000000000 1111110011111100 1111111000011100 1110000000011100 1110000000011100 1110000000011100
0000000000011100 1110011110000000 1110000000000000 1111110011111100 1110111000011100 1110000000011100 1110000000011100 1110000000011100
0000000000011100 1110111100000000 1110000000000000 1111111111111100 1110111000011100 1110000000011100 1110000000011100 1110000000011100
0000000000011100 1111111100000000 1110000000000000 1110111111011100 1110011100011100 1110000000011100 1110000000111100 1110000000011100
0000000000011100 1111111000000000 1110000000000000 1110011110011100 1110011100011100 1110000000011100 1110000001111100 1110000000011100
0000000000011100 1111110000000000 1110000000000000 1110011110011100 1110011100011100 1110000000011100 1111111111111000 1110000000011100
0000000000011100 1111110000000000 1110000000000000 1110001100011100 1110001110011100 1110000000011100 1111111111110000 1110000000011100
0000000000011100 1111110000000000 1110000000000000 1110000000011100 1110001110011100 1110000000011100 1111111111100000 1110000000011100
0000000000011100 1111111000000000 1110000000000000 1110000000011100 1110001110011100 1110000000011100 1110000000000000 1110000000011100
0000000000011100 1111111100000000 1110000000000000 1110000000011100 1110000111011100 1110000000011100 1110000000000000 1110000000011100
0000000000011100 1110111100000000 1110000000000000 1110000000011100 1110000111011100 1110000000011100 1110000000000000 1110000000011100
0000000000011100 1110011110000000 1110000000000000 1110000000011100 1110000111111100 1110000000011100 1110000000000000 1110000000011100
0000000000011100 1110001111000000 1110000000000000 1110000000011100 1110000011111100 1110000000011100 1110000000000000 1110000000011100
0000000000011100 1110001111000000 1110000000000000 1110000000011100 1110000011111100 1110000000011100 1110000000000000 1110000000011100
0000000000011100 1110000111100000 1110000000000000 1110000000011100 1110000011111100 1110000000011100 1110000000000000 1110000000011100
1110000000011100 1110000011110000 1110000000000000 1110000000011100 1110000001111100 1110000000011100 1110000000000000 1110000011011100
1111000000111100 1110000011110000 1110000000000000 1110000000011100 1110000001111100 1111000000111100 1110000000000000 1111000011111100
1111100001111100 1110000001111000 1110000000000000 1110000000011100 1110000001111100 1111100001111100 1110000000000000 1111100001111100
0111111111111000 1110000000111100 1111111111111100 1110000000011100 1110000000111100 0111111111111000 1110000000000000 0111111111111000
0011111111110000 1110000000111100 1111111111111100 1110000000011100 1110000000111100 0011111111110000 1110000000000000 0011111111111100
0001111111100000 1110000000011100 1111111111111100 1110000000011100 1110000000111100 0001111111100000 0000000000000000 0001111111101100
0000000000000000 0000000000000000 0000000000000000 0000000000000000 0000000000000000 0000000000000000 0000000000000000 0000000000000000
0000000000000000 0000000000000000 0000000000000000 0000000000000000 0000000000000000 0000000000000000 0000000000000000 0000000000000000
                                                                   
1111111111100000 0001111111100000 1111111111111100 1110000000011100 1110000000011100 1110000000011100 1110000000011100 1110000000011100
1111111111110000 0011111111110000 1111111111111100 1110000000011100 1110000000011100 1110000000011100 1110000000011100 1110000000011100
1111111111111000 0111111111111000 1111111111111100 1110000000011100 1110000000011100 1110000000011100 1110000000011100 1110000000011100
1110000001111100 1111100001111100 0000001110000000 1110000000011100 1110000000011100 1110000000011100 1110000000011100 1110000000011100
1110000000111100 1111000000111100 0000001110000000 1110000000011100 1110000000011100 1110000000011100 1110000000011100 1110000000011100
1110000000011100 1110000000011100 0000001110000000 1110000000011100 1110000000011100 1110000000011100 1111000000111100 1111000000111100
1110000000011100 1110000000000000 0000001110000000 1110000000011100 1110000000011100 1110000000011100 1111000000111100 1111000000111100
1110000000011100 1110000000000000 0000001110000000 1110000000011100 1110000000011100 1110000000011100 0111100001111000 0111100001111000
1110000000011100 1111000000000000 0000001110000000 1110000000011100 1110000000011100 1110000000011100 0011100001110000 0011100001110000
1110000000011100 1111100000000000 0000001110000000 1110000000011100 1110000000011100 1110000000011100 0011110011110000 0011110011110000
1110000000011100 0111110000000000 0000001110000000 1110000000011100 1110000000011100 1110000000011100 0001110011100000 0001110011100000
1110000000111100 0011111000000000 0000001110000000 1110000000011100 1110000000011100 1110000000011100 0001111111100000 0001111111100000
1110000001111100 0001111100000000 0000001110000000 1110000000011100 1110000000011100 1110000000011100 0000111111000000 0000111111000000
1111111111111000 0000111110000000 0000001110000000 1110000000011100 1110000000011100 1110001100011100 0000111111000000 0000011111000000
1111111111110000 0000011111000000 0000001110000000 1110000000011100 1110000000011100 1110011110011100 0000011110000000 0000001110000000
1111111111100000 0000001111100000 0000001110000000 1110000000011100 1110000000011100 1110011110011100 0000111111000000 0000001110000000
1111111000000000 0000000111110000 0000001110000000 1110000000011100 1111000000111100 1110111111011100 0000111111000000 0000001110000000
1111111000000000 0000000011111000 0000001110000000 1110000000011100 0111000000111000 1111111111111100 0001111111100000 0000001110000000
1110111100000000 0000000001111100 0000001110000000 1110000000011100 0111000000111000 1111111111111100 0001110011100000 0000001110000000
1110011110000000 0000000000111100 0000001110000000 1110000000011100 0111100001111000 1111110011111100 0011110011110000 0000001110000000
1110001111000000 0000000000011100 0000001110000000 1110000000011100 0011100001110000 1111110011111100 0011100001110000 0000001110000000
1110001111000000 0000000000011100 0000001110000000 1110000000011100 0011110011110000 1111100001111100 0111100001111000 0000001110000000
1110000111100000 0000000000011100 0000001110000000 1110000000011100 0001110011100000 1111100001111100 1111000000111100 0000001110000000
1110000011110000 1110000000011100 0000001110000000 1110000000011100 0001110011100000 1111100001111100 1111000000111100 0000001110000000
1110000011110000 1111000000111100 0000001110000000 1111000000111100 0000111111000000 1111000000111100 1110000000011100 0000001110000000
1110000001111000 1111100001111100 0000001110000000 1111100001111100 0000111111000000 1111000000111100 1110000000011100 0000001110000000
1110000000111100 0111111111111000 0000001110000000 0111111111111000 0000011110000000 1111000000111100 1110000000011100 0000001110000000
1110000000111100 0011111111110000 0000001110000000 0011111111110000 0000011110000000 1110000000011100 1110000000011100 0000001110000000
1110000000011100 0001111111100000 0000001110000000 0001111111100000 0000001100000000 1110000000011100 1110000000011100 0000001110000000
0000000000000000 0000000000000000 0000000000000000 0000000000000000 0000000000000000 0000000000000000 0000000000000000 0000000000000000
0000000000000000 0000000000000000 0000000000000000 0000000000000000 0000000000000000 0000000000000000 0000000000000000 0000000000000000
                                                                   
1111111111111100 0001111111110000 0011111111100000 0000000000000000 1111111111111100 0000000000000000 0000000000000000 0000000000000000
1111111111111100 0001111111110000 0011111111100000 0000000000000000 1111111111111100 0000000000000000 0000000000000000 0000000000000000
1111111111111100 0001111111110000 0011111111100000 0000000000000000 1100000000001100 0000000000000000 0000000000000000 0000000000000000
0000000000111100 0001110000000000 0000000011100000 0000000000000000 1100000000001100 0000000000000000 0000000000000000 0000000000000000
0000000000111000 0001110000000000 0000000011100000 0000000000000000 1100000000001100 0000000000000000 0000000000000000 0000000000000000
0000000001111000 0001110000000000 0000000011100000 0000000000000000 1100011110001100 0000000000000000 0000000000000000 0000000000000000
0000000001110000 0001110000000000 0000000011100000 0000000000000000 1100111111001100 0000000000000000 0000000000000000 0000000000000000
0000000011110000 0001110000000000 0000000011100000 0000000000000000 1101110011101100 0000000000000000 0000000000000000 0000000000000000
0000000011100000 0001110000000000 0000000011100000 0000000000000000 1101100001101100 0000000000000000 0000000000000000 0000000000000000
0000000111100000 0001110000000000 0000000011100000 0000000000000000 1101100001101100 0000000000000000 0000000000000000 0000000000000000
0000000111000000 0001110000000000 0000000011100000 0000000000000000 1100000001101100 0000000000000000 0000000000000000 0000000000000000
0000001111000000 0001110000000000 0000000011100000 0000000000000000 1100000011001100 0000000000000000 0000000000000000 0000000000000000
0000001110000000 0001110000000000 0000000011100000 0000000000000000 1100000111001100 0000000000000000 0000000000000000 0000000000000000
0000011110000000 0001110000000000 0000000011100000 0000000000000000 1100001110001100 0000000000000000 0000000000000000 0000000000000000
0000011100000000 0001110000000000 0000000011100000 0000000000000000 1100001100001100 0000000000000000 0000000000000000 0000000000000000
0000111100000000 0001110000000000 0000000011100000 0000000000000000 1100001100001100 0000000000000000 0000000000000000 0000000000000000
0000111000000000 0001110000000000 0000000011100000 0000000000000000 1100001100001100 0000000000000000 0000000000000000 0000000000000000
0001111000000000 0001110000000000 0000000011100000 0000000000000000 1100001100001100 0000000000000000 0000000000000000 0000000000000000
0001110000000000 0001110000000000 0000000011100000 0000000000000000 1100001100001100 0000000000000000 0000000000000000 0000000000000000
0011110000000000 0001110000000000 0000000011100000 0000000000000000 1100001100001100 0000000000000000 0000000000000000 0000000000000000
0011100000000000 0001110000000000 0000000011100000 0000000000000000 1100001100001100 0000000000000000 0000000000000000 0000000000000000
0111100000000000 0001110000000000 0000000011100000 0000000000000000 1100000000001100 0000000000000000 0000000000000000 0000000000000000
0111000000000000 0001110000000000 0000000011100000 0000000000000000 1100001100001100 0000000000000000 0000000000000000 0000000000000000
1111000000000000 0001110000000000 0000000011100000 0000000000000000 1100001100001100 0000000000000000 0000000000000000 0000000000000000
1110000000000000 0001110000000000 0000000011100000 0000000000000000 1100000000001100 0000000000000000 0000000000000000 0000000000000000
1110000000000000 0001110000000000 0000000011100000 0000000000000000 1100000000001100 0000000000000000 0000000000000000 0000000000000000
1111111111111100 0001111111110000 0011111111100000 1111111111111100 1100000000001100 0000000000000000 0000000000000000 0000000000000000
1111111111111100 0001111111110000 0011111111100000 1111111111111100 1111111111111100 0000000000000000 0000000000000000 0000000000000000
1111111111111100 0001111111110000 0011111111100000 1111111111111100 1111111111111100 0000000000000000 0000000000000000 0000000000000000
0000000000000000 0000000000000000 0000000000000000 0000000000000000 0000000000000000 0000000000000000 0000000000000000 0000000000000000
0000000000000000 0000000000000000 0000000000000000 0000000000000000 0000000000000000 0000000000000000 0000000000000000 0000000000000000
